all_data = [17215022,15.3,15.9,12.6,16.1,16.3,7.2,12.2,12.5,11.4,10.5,11.2,7.8,8.6,11.4,37.6,14941,13.157894736842,3.5,2;
19143695,13.0,16.9,16.0,14.5,14.6,13.8,15.3,17.3,20.0,15.2,9.4,17.5,18.8,18.1,36.1,95862,16.010526315789,4.5,3;
29786903,15.4,15.8,15.4,18.9,17.4,18.7,16.9,15.5,9.4,12.5,10.5,9.0,17.5,15.9,30.5,65656,15.551315789474,4.5,2;
32098415,18.2,20.0,15.8,15.6,16.1,15.1,17.3,16.2,15.8,17.8,9.5,9.8,14.2,14.5,29.0,82972,15.667948717949,4.5,2;
32993893,17.1,20.0,16.5,19.1,17.7,17.5,19.3,15.6,10.3,15.7,12.6,15.5,17.3,13.2,42.2,119316,16.754761904762,4.5,2;
33883956,15.6,18.0,18.8,17.7,16.6,16.8,20.0,15.1,16.5,15.9,12.6,12.0,12.3,14.1,30.0,100840,16.414942528736,4.5,1;
34943510,17.0,15.1,17.1,14.3,15.9,17.6,16.4,15.7,16.3,15.1,16.3,9.3,18.2,14.8,23.9,91973,16.010256410256,4.5,2;
39753783,15.0,17.3,20.0,16.2,16.4,14.8,18.0,16.4,17.5,15.6,8.3,12.8,11.3,10.4,24.0,68344,15.764516129032,4.5,2;
42274524,18.4,16.5,17.8,13.3,13.3,17.4,16.7,17.2,8.8,12.8,20.0,17.3,18.4,14.5,22.7,102119,17.047435897436,5,1;
42428987,15.2,15.5,15.9,18.0,18.1,14.1,11.2,15.1,7.4,9.8,7.1,7.3,8.1,6.2,14.7,14941,13.183950617284,3.5,3;
44642305,15.7,14.7,9.8,14.0,14.3,9.9,10.6,16.7,5.5,9.7,6.0,12.4,8.7,8.4,1.2,8686,11.677380952381,3,3;
49633237,13.5,10.1,13.6,10.1,13.7,8.5,15.3,6.2,11.2,10.3,8.5,9.2,13.0,7.8,0.2,6792,11.154838709677,3,1;
52439336,12.3,18.1,16.5,14.0,18.7,12.6,13.7,15.6,11.1,15.4,12.4,13.3,15.2,9.7,4.2,46240,14.50119047619,4,2;
52893150,15.3,16.6,17.2,6.4,5.2,14.6,16.7,11.5,16.6,14.5,18.9,16.5,15.0,7.4,8.1,37034,15.315384615385,4,1;
54027461,16.5,13.4,11.4,12.3,12.7,10.8,8.9,11.5,8.6,14.9,3.2,5.7,7.5,6.7,0.0,4896,10.810256410256,2.5,5;
56080724,7.3,14.4,15.9,11.9,12.5,10.2,5.7,16.0,15.6,11.8,8.6,7.9,10.6,8.0,0.0,8686,11.288095238095,3,3;
56274049,12.8,10.9,11.7,14.4,15.6,10.6,6.9,16.7,6.4,8.7,7.7,4.4,5.4,10.4,0.1,4550,11.410526315789,3,5;
56571319,10.5,13.2,7.9,10.7,14.4,10.4,7.0,8.2,12.6,15.0,5.9,5.2,4.9,10.7,0.0,3368,10.428205128205,2.5,5;
56870820,13.2,11.6,8.2,11.5,12.4,8.2,5.1,16.1,4.8,8.5,3.2,5.7,6.0,6.3,0.0,1424,8.8435897435897,2,5;
58635591,10.7,14.4,8.7,4.6,3.5,9.6,10.4,4.4,5.1,6.2,16.2,12.0,10.7,5.2,0.0,1500,10.191025641026,2.5,1;
59040437,9.9,15.7,13.7,13.0,10.8,10.0,6.5,11.2,9.5,9.0,3.3,6.7,3.5,5.0,0.0,2113,9.8641025641026,2.5,5;
59243521,15.6,13.8,11.8,15.8,10.0,8.4,10.3,11.5,8.6,10.0,8.4,10.3,7.4,7.2,0.0,6216,10.936904761905,2.5,3;
59427407,11.0,14.9,15.5,9.5,13.6,13.8,8.2,14.1,5.8,10.0,4.6,4.9,3.4,5.1,0.0,3006,10.362820512821,2.5,5;
60282731,11.0,12.5,10.0,10.9,2.5,7.3,7.7,9.7,2.7,8.4,10.7,9.8,8.6,5.6,0.0,1166,9.1474358974359,2,1;
60441785,8.6,14.1,13.7,13.7,18.1,6.7,12.4,10.1,12.6,11.0,4.0,8.0,8.4,7.6,0.0,6187,11.274193548387,3,3;
60987148,9.1,11.0,12.6,9.8,5.5,5.8,8.0,10.9,8.3,5.9,6.0,6.3,4.5,3.2,0.0,605,7.941935483871,1.5,3;
61243918,5.8,8.8,7.7,7.5,5.1,9.6,6.3,12.0,13.0,6.2,5.8,9.0,5.9,6.8,0.0,716,8.14,2,3;
61370078,14.8,12.3,9.4,12.9,11.4,6.8,9.8,10.9,3.4,6.6,6.3,3.8,3.0,12.3,0.0,1682,9.9657894736842,2.5,2;
61370103,10.9,8.0,7.3,9.7,7.6,5.9,13.8,5.8,4.4,5.1,6.8,5.2,5.6,5.9,0.0,436,8.0276315789474,2,5;
62590727,10.2,12.3,7.0,5.2,7.1,4.7,3.2,4.3,5.2,4.8,5.2,3.7,4.2,4.2,0.0,89,6.0897435897436,1,5;
62692054,9.0,6.8,6.4,9.9,5.1,4.8,5.1,10.9,7.5,5.5,4.5,2.5,3.0,5.2,0.0,134,6.4068965517241,1,3;
62816965,13.8,6.3,17.2,5.5,6.2,9.3,7.3,4.9,3.2,6.9,4.3,4.2,6.2,6.4,0.0,427,7.4617283950617,1.5,3;
62949243,5.7,4.0,4.3,2.6,7.3,6.3,5.4,3.6,5.1,5.3,5.2,10.9,1.5,3.0,0.0,32,5.0545454545455,1,3;
63057915,9.0,7.2,6.8,7.6,7.0,5.2,1.6,5.3,3.9,1.3,6.3,2.2,7.5,3.9,0.0,50,6.0671052631579,1,2;
63057918,3.3,7.7,8.6,7.4,6.2,8.1,3.5,6.0,3.9,5.9,1.2,3.5,5.2,4.4,0.0,50,5.6012820512821,1,2;
63426008,6.2,8.7,6.6,5.3,8.2,4.8,4.8,6.0,5.8,5.1,4.8,4.0,2.9,2.4,0.0,54,5.6851851851852,1,3;
64824435,8.8,5.8,6.0,4.6,1.0,2.3,7.1,10.0,5.8,5.8,5.9,2.7,4.6,3.5,0.0,46,5.4615384615385,1,1;
65294665,4.6,5.8,7.8,4.6,5.8,5.8,2.2,6.8,6.8,10.8,2.2,2.2,7.8,3.4,0.0,59,5.8336842105263,1,3;
12922909,13.3,16.9,18.2,19.0,16.9,14.1,15.2,11.0,17.5,14.3,13.8,11.1,11.5,17.7,50.6,69491,15.898717948718,4.5,4;
17367859,15.7,18.3,16.4,16.3,19.3,16.5,16.5,16.7,17.2,18.1,10.5,7.5,11.4,8.3,32.4,65437,15.831034482759,4.5,3;
17431768,15.5,16.5,16.3,16.3,16.7,15.2,14.8,13.5,13.9,11.4,10.8,18.5,9.7,8.9,23.8,45271,14.566666666667,4,1;
18884703,16.0,15.0,19.1,15.4,13.3,15.5,19.0,16.6,16.1,14.6,8.2,13.8,16.1,18.2,40.2,85700,15.81935483871,4.5,4;
19086253,15.5,13.9,15.5,19.2,19.9,16.0,15.8,16.2,17.2,19.9,10.1,10.2,10.4,15.1,20.9,80319,16.051724137931,4.5,3;
19755472,15.0,19.7,20.0,19.6,14.8,19.4,13.3,12.6,17.2,12.4,13.0,9.0,16.5,6.4,39.4,65877,15.970512820513,4.5,3;
28833649,19.3,15.6,19.4,9.6,15.5,17.1,17.5,18.3,15.5,15.4,14.8,13.8,14.3,16.5,36.9,102764,15.984523809524,4.5,3;
29780797,17.5,15.3,15.4,9.6,11.7,16.0,18.6,19.2,11.8,15.6,13.3,18.1,18.6,20.0,30.8,96779,16.667948717949,4.5,2;
30250328,18.5,17.4,19.7,17.1,17.1,14.6,15.7,14.8,18.0,17.1,13.8,17.6,14.7,13.2,26.7,126471,16.687096774194,4.5,4;
31096001,13.9,17.0,18.9,15.8,15.7,15.9,20.0,14.5,19.0,15.0,16.3,16.7,16.4,13.8,30.4,124935,16.655913978495,4.5,3;
32989014,15.7,16.6,20.0,15.2,15.3,12.9,16.8,16.0,16.9,11.8,15.6,20.0,12.3,8.5,14.6,76979,15.434567901235,4,4;
32997830,15.7,16.7,19.0,19.2,16.9,15.0,10.6,8.5,15.3,10.5,7.7,5.8,5.3,8.9,15.9,19150,14.284615384615,4,1;
36061899,15.6,16.4,16.8,18.1,15.5,15.8,12.6,12.9,8.8,4.9,15.6,4.9,15.0,7.3,9.0,23412,14.560526315789,4,1;
41027200,18.5,18.9,19.9,14.9,13.8,15.8,8.7,15.5,13.6,6.6,17.2,9.7,6.0,5.4,10.9,27615,14.656578947368,4,1;
47102775,16.7,20.0,17.6,14.5,17.8,16.0,15.7,15.2,15.6,16.4,20.0,10.5,5.2,16.9,9.0,89075,15.98275862069,4.5,1;
48924463,16.0,18.3,15.7,12.8,10.2,15.2,15.6,18.2,14.6,15.9,15.3,14.8,17.9,13.0,14.3,76727,15.727272727273,4.5,4;
54067200,14.9,20.0,19.3,17.0,15.9,15.4,17.3,10.7,15.5,12.4,11.1,11.2,14.6,7.8,6.9,54092,15.302564102564,4,1;
54309673,14.3,17.0,18.5,11.1,8.0,11.9,18.0,14.1,8.9,20.0,15.6,16.0,17.0,10.3,8.8,49773,15.675641025641,4.5,2;
56265768,17.7,16.6,15.6,16.5,16.9,13.6,13.3,16.7,16.6,13.1,10.2,13.8,11.2,6.8,5.6,46240,14.766666666667,4,3;
58299267,11.3,11.0,14.3,8.8,12.7,11.5,8.3,10.8,13.8,5.0,7.0,5.5,5.2,6.9,0.8,2664,10.201149425287,2.5,3;
62476877,10.0,7.9,6.2,5.0,15.8,4.8,5.5,5.3,2.7,6.1,9.3,5.9,9.0,2.9,0.0,294,7.6921052631579,1.5,3;
62481222,12.2,9.1,7.6,7.2,5.9,5.0,8.4,6.0,6.8,7.6,9.2,7.4,5.5,6.9,0.0,527,7.3279569892473,1.5,2;
64519864,8.8,6.0,4.8,1.1,3.7,4.6,4.9,3.4,1.1,5.8,5.1,10.2,4.7,2.2,0.0,22,5.7333333333333,1,2;
64814953,9.9,7.0,7.1,4.8,3.4,3.6,6.1,1.0,3.9,7.8,2.3,2.5,3.9,3.5,0.0,23,5.0089743589744,1,3;
17318811,15.4,19.9,16.9,14.7,17.3,16.3,15.0,15.0,12.3,10.2,16.1,7.7,7.0,8.7,33.1,37169,15.101315789474,4,5;
21802565,10.6,16.6,14.8,9.5,11.9,15.0,11.0,11.7,15.1,18.2,9.5,13.4,9.1,7.8,12.1,18471,12.937634408602,3.5,4;
22277073,16.4,16.7,15.2,12.6,16.2,14.6,15.0,19.8,8.9,9.0,10.6,6.7,8.3,8.9,31.3,22255,13.826315789474,3.5,5;
22720476,16.3,15.0,16.2,6.6,7.0,19.6,20.0,11.8,7.8,13.1,16.4,16.9,17.2,10.2,35.6,39386,15.653846153846,4.5,1;
29416988,16.9,15.9,16.4,16.0,18.7,8.0,15.8,11.8,11.7,6.4,17.0,7.5,8.9,11.2,21.8,25293,14.809210526316,4,5;
36039874,15.8,14.2,15.2,11.9,8.0,11.9,14.6,10.1,10.4,6.6,17.4,14.4,18.4,12.5,1.7,24526,12.859523809524,3.5,3;
36491250,18.3,16.8,20.0,18.6,13.8,17.5,13.5,15.3,12.4,15.0,16.4,15.5,11.7,11.2,22.5,83242,15.682142857143,4.5,4;
38636676,15.2,20.0,17.3,12.5,11.6,16.5,12.0,16.7,12.7,13.6,10.5,19.0,11.7,10.4,15.8,48063,14.577380952381,4,4;
38636681,11.2,15.1,16.4,14.3,13.1,11.6,11.4,17.8,13.6,13.8,9.7,6.3,10.5,7.5,4.1,17106,12.953846153846,3.5,2;
44983424,14.2,16.1,19.6,20.0,13.3,15.5,16.6,18.0,7.0,16.1,16.0,15.7,14.8,14.3,13.1,86533,15.896052631579,4.5,1;
45137478,8.9,14.2,16.1,16.5,13.6,9.6,11.0,8.1,9.5,9.0,6.2,6.5,13.9,4.4,0.0,5764,11.227586206897,3,2;
46175414,10.3,13.9,11.4,16.4,12.8,12.3,11.0,11.9,13.2,10.7,9.7,15.7,6.7,3.7,1.7,10053,11.888461538462,3,5;
47108898,10.9,14.6,14.4,11.5,12.3,7.6,13.1,8.0,11.5,15.3,10.3,10.7,8.3,5.1,0.0,7654,11.336559139785,3,5;
