dc_data=[29786903,15.4,15.8,15.4,18.9,17.4,18.7,16.9,15.5,9.4,12.5,10.5,9.0,17.5,15.9,30.5,65656,15.551315789474,4.5,2;
61370103,10.9,8.0,7.3,9.7,7.6,5.9,13.8,5.8,4.4,5.1,6.8,5.2,5.6,5.9,0.0,436,8.0276315789474,2,5;
63057915,9.0,7.2,6.8,7.6,7.0,5.2,1.6,5.3,3.9,1.3,6.3,2.2,7.5,3.9,0.0,50,6.0671052631579,1,2;
36061899,15.6,16.4,16.8,18.1,15.5,15.8,12.6,12.9,8.8,4.9,15.6,4.9,15.0,7.3,9.0,23412,14.560526315789,4,1;
41027200,18.5,18.9,19.9,14.9,13.8,15.8,8.7,15.5,13.6,6.6,17.2,9.7,6.0,5.4,10.9,27615,14.656578947368,4,1;
62476877,10.0,7.9,6.2,5.0,15.8,4.8,5.5,5.3,2.7,6.1,9.3,5.9,9.0,2.9,0.0,294,7.6921052631579,1.5,3;
29416988,16.9,15.9,16.4,16.0,18.7,8.0,15.8,11.8,11.7,6.4,17.0,7.5,8.9,11.2,21.8,25293,14.809210526316,4,5;
47621948,10.9,12.0,15.8,15.1,15.3,16.2,13.8,7.3,7.5,4.5,10.7,11.2,9.3,5.7,0.9,8267,12.257894736842,3,5;
62931806,6.6,9.6,8.2,4.0,6.4,3.7,7.3,4.0,1.9,3.6,4.0,3.0,5.5,3.3,0.0,35,5.3342105263158,1,4;
37980665,16.6,16.2,20.0,18.4,13.5,13.8,13.4,17.6,15.2,7.8,18.2,15.3,14.4,11.8,30.3,73516,15.948684210526,4.5,4;
55698686,17.1,17.0,19.0,16.1,18.9,16.3,15.0,14.9,14.1,18.6,16.1,6.4,12.6,7.9,11.7,68344,16.114473684211,4.5,2;
24326633,18.4,15.4,17.3,16.7,16.5,14.5,14.9,16.3,10.8,7.5,16.5,7.1,5.8,9.7,39.1,30800,15.252631578947,4,1;
32053592,15.0,17.9,16.2,16.1,17.6,15.6,15.5,15.9,11.7,8.1,12.1,6.5,8.0,6.6,24.7,25882,14.560526315789,4,1;
53409695,12.6,12.8,10.1,17.5,9.3,10.8,15.4,10.7,7.5,6.7,9.9,2.9,3.2,6.1,7.0,3182,11.290789473684,3,2;
54088715,9.6,9.9,14.5,9.5,8.7,7.2,17.1,7.4,2.4,3.3,11.4,4.9,3.2,5.4,1.0,979,9.4315789473684,2,1;
10630557,14.2,15.1,16.7,17.0,18.5,16.8,13.5,19.3,12.4,13.5,13.6,11.6,12.0,14.5,49.0,65437,15.602631578947,4.5,5;
51604674,17.9,13.6,13.4,15.3,17.1,16.8,9.6,17.7,11.0,12.8,8.7,12.9,10.6,9.8,6.0,30571,13.931578947368,3.5,4;
54039627,16.8,11.7,15.7,14.8,14.5,9.3,7.1,11.8,4.4,8.4,7.3,4.1,6.5,10.4,0.1,4595,11.575,3,4;
55699682,11.9,13.1,13.4,16.7,11.2,11.0,8.7,11.1,7.0,7.5,10.2,9.3,5.9,6.9,0.8,4848,11.355263157895,3,4;
55909418,11.4,13.0,12.0,11.9,9.4,9.4,5.5,7.9,6.7,16.1,5.6,2.2,5.6,7.8,0.1,1759,9.2868421052632,2,4;
58473455,11.1,13.9,9.9,16.6,11.0,11.6,7.8,11.2,4.6,12.2,11.5,5.5,4.7,6.2,0.0,3580,11.013157894737,3,4;
60583352,13.2,11.1,10.0,10.6,10.0,7.3,9.1,10.8,4.1,10.8,6.2,2.4,1.5,6.3,0.0,915,9.0763157894737,2,4;
63667379,4.0,7.3,8.9,7.8,9.2,5.9,5.8,1.2,1.4,5.2,7.4,1.2,1.0,1.0,0.0,24,5.9407894736842,1,5;
47110264,12.1,16.9,17.3,16.6,17.7,18.5,19.5,13.5,10.1,11.1,11.2,6.4,17.9,13.4,12.3,52436,15.139473684211,4,2;
48947296,16.2,18.6,16.8,20.0,19.9,17.3,20.0,13.8,5.7,6.2,15.8,18.0,8.7,10.5,13.8,62848,16.363157894737,4.5,2;
60691193,10.0,8.9,6.4,5.1,10.8,10.5,4.7,3.3,3.1,3.6,7.2,2.5,5.3,1.6,0.0,103,6.8105263157895,1.5,2;
63420895,11.8,9.2,9.7,4.1,6.0,2.9,4.4,5.0,1.3,2.6,5.2,4.9,3.7,3.4,0.0,47,5.7907894736842,1,2;
63539761,5.8,6.5,6.4,5.1,6.7,7.3,8.0,10.2,3.9,4.0,4.7,2.3,9.6,4.2,0.0,119,6.1763157894737,1,1;
35559903,16.3,17.4,13.6,16.9,20.0,16.5,18.6,14.1,5.6,7.1,18.1,7.6,7.2,6.4,24.9,28571,15.431578947368,4,2;
16558580,11.9,15.0,17.9,18.8,20.0,17.1,19.7,17.5,11.6,11.0,14.4,8.5,12.8,12.2,35.8,64781,16.175,4.5,5;
16769916,19.5,16.4,17.4,18.1,19.8,12.5,18.7,17.1,11.2,10.5,19.7,17.2,6.8,15.0,44.9,94350,17.134210526316,5,5;
53878031,7.8,12.5,12.1,15.1,13.8,9.5,11.6,10.1,4.1,7.1,8.5,3.5,2.0,6.1,2.6,1691,10.389473684211,2.5,5;
55481391,15.9,15.0,20.0,12.3,13.1,9.8,12.3,18.0,4.8,12.6,14.2,11.3,7.5,15.7,4.5,25586,13.577631578947,3.5,5;
56463107,8.4,9.6,11.2,8.7,7.5,5.7,10.8,10.2,5.9,11.2,7.9,3.8,2.3,13.4,0.0,1112,8.5986842105263,2,5;
25480036,18.7,16.0,17.9,13.9,16.2,16.4,15.2,15.6,13.3,13.8,17.1,8.5,8.3,9.5,29.2,49255,15.465789473684,4,4;
44813312,19.0,17.6,19.2,20.0,17.9,15.2,17.4,15.6,13.2,9.9,11.2,11.1,11.2,15.7,22.2,78505,16.434210526316,4.5,4;
53860136,15.2,15.2,15.6,15.0,12.6,15.2,8.7,16.9,5.7,10.4,6.5,5.9,6.1,7.2,4.5,8609,12.125,3,1;
56863256,11.5,15.2,14.3,15.1,15.0,13.9,7.7,15.9,7.6,9.7,13.2,3.5,4.9,10.6,3.6,9369,12.678947368421,3.5,1;
58760336,10.0,11.9,11.3,10.5,10.3,9.5,9.0,11.3,12.3,7.4,5.5,2.1,3.8,7.6,1.1,1571,9.4460526315789,2,1;
59511381,15.3,14.5,12.5,15.4,19.4,10.5,14.2,11.5,7.2,8.4,13.0,7.2,5.6,6.0,3.3,10502,13.328947368421,3.5,2;
60705454,6.8,11.0,10.4,8.4,8.4,11.4,6.2,5.9,11.6,10.8,4.7,6.4,4.4,9.9,0.0,1092,8.1065789473684,2,1;
17214929,15.4,16.5,16.7,18.5,18.2,15.0,17.7,14.9,5.0,9.3,15.5,17.6,7.6,11.2,13.6,47061,15.461842105263,4,2;
22553479,17.3,17.4,19.2,18.5,17.8,15.1,13.3,19.6,14.7,14.3,15.8,18.6,10.2,13.8,38.7,112859,16.684210526316,4.5,2;
25482448,17.5,17.3,14.1,16.3,20.0,15.8,12.4,17.4,11.7,8.2,16.5,9.5,7.9,15.9,28.2,49427,15.765789473684,4.5,2;
41898331,15.4,15.6,13.4,15.1,20.0,9.0,15.6,14.1,7.0,11.9,15.1,4.0,5.0,9.7,6.8,16157,14.105263157895,4,2;
13637081,10.0,12.1,15.2,6.3,6.3,12.5,14.1,5.5,3.6,3.4,10.8,8.4,8.1,6.2,5.5,1571,9.0539473684211,2,4;
28197766,15.7,16.3,13.4,15.3,16.8,13.2,19.2,18.1,8.0,7.3,17.1,7.2,6.8,15.3,16.7,33546,15.084210526316,4,1;
58913944,11.7,12.3,11.1,6.8,5.5,7.0,8.9,5.3,4.3,7.7,6.2,5.4,9.7,1.8,0.0,489,7.5355263157895,1.5,4;
62584373,9.1,14.1,14.8,17.4,9.1,9.7,10.2,12.0,5.4,4.8,9.6,3.1,1.4,5.3,0.3,1913,10.651315789474,2.5,1;
63314597,6.5,8.5,8.6,4.4,7.2,7.4,6.8,5.3,2.5,2.7,5.4,3.5,3.5,4.1,0.0,58,5.9092105263158,1,1;
32104736,20.0,12.4,18.8,19.5,17.9,20.0,18.1,20.0,13.4,8.0,12.3,13.3,13.3,12.9,29.9,94350,16.886842105263,4.5,1;
52439178,10.8,12.2,10.0,10.9,12.7,7.6,9.5,7.1,6.8,5.9,7.4,6.2,7.9,10.4,1.6,1850,9.6236842105263,2.5,1;
54029157,11.6,16.2,13.2,13.5,14.3,12.9,18.0,16.3,16.7,10.5,14.9,6.3,6.4,9.7,11.5,23687,13.847368421053,3.5,2;
55488217,16.6,18.7,17.4,15.4,14.8,16.6,8.5,19.5,12.0,6.8,13.7,12.1,9.1,9.4,11.5,34676,14.530263157895,4,2;
58101267,8.8,13.8,10.4,10.2,11.8,5.6,8.2,6.2,7.4,3.3,6.4,9.0,1.4,3.0,0.1,552,8.4342105263158,2,1;
58305704,11.5,11.1,13.0,8.1,10.7,8.6,6.3,6.6,6.2,9.6,10.5,8.0,13.2,7.6,0.0,2512,9.4736842105263,2,1;
60450122,13.6,8.5,13.4,6.2,15.1,5.4,8.1,5.8,4.6,1.4,7.3,1.7,3.9,1.5,0.7,296,8.525,2,1;
31874390,17.4,17.6,18.0,20.0,20.0,17.7,17.4,15.5,10.5,15.0,14.0,14.1,12.2,11.4,38.2,97086,16.825,4.5,3;
52883826,18.4,15.1,17.4,18.3,18.2,17.0,18.8,15.5,9.3,13.2,11.2,7.3,8.7,17.9,13.1,60347,15.965789473684,4.5,3;
58111662,11.8,15.9,17.6,18.1,16.9,14.9,18.2,13.6,9.9,7.4,9.0,5.9,9.9,10.0,6.3,22430,14.138157894737,4,3;
58472728,12.4,12.5,12.9,13.0,15.3,11.4,7.5,10.4,6.1,5.6,11.3,5.3,7.1,7.5,0.8,3672,11.261842105263,3,3;
59043196,15.0,14.6,11.1,7.9,14.9,11.2,14.2,7.4,5.0,8.0,10.6,3.3,2.2,6.9,0.0,2692,10.775,2.5,3;
60566071,16.6,6.5,10.0,10.0,6.2,7.6,9.2,8.6,1.8,4.3,8.9,3.5,1.9,2.3,0.1,316,8.3828947368421,2,3;
16769653,20.0,15.4,17.0,16.6,18.8,14.9,16.3,15.4,9.5,8.9,16.1,5.7,6.4,13.9,35.3,40537,15.847368421053,4.5,1;
33994165,17.1,18.4,17.5,20.0,19.2,20.0,16.8,19.0,9.6,12.8,15.2,12.4,9.5,16.6,32.3,107710,17.173684210526,5,4;
35558028,18.0,10.8,16.4,19.6,17.3,18.1,18.4,14.0,8.5,8.5,8.8,9.4,5.7,9.8,20.5,26382,14.809210526316,4,4;
64614509,8.4,5.0,12.1,4.7,7.2,6.1,3.8,1.5,5.2,3.8,5.8,3.7,2.4,5.4,0.0,51,5.9157894736842,1,2;
59034441,12.8,12.2,10.3,15.4,11.3,11.7,7.5,10.0,5.6,6.6,16.5,4.2,5.8,7.2,2.7,3455,11.452631578947,3,4;
63181169,7.7,9.8,9.9,4.6,5.0,9.4,7.1,4.4,5.9,2.5,8.8,3.9,5.2,6.5,0.6,192,6.7631578947368,1.5,4;
63340587,12.2,11.1,9.5,5.5,13.7,9.0,5.4,6.9,3.9,4.3,7.2,7.2,3.7,14.1,1.7,932,8.6092105263158,2,4;
56077390,13.0,14.5,12.9,12.8,10.5,13.8,6.9,8.5,7.4,6.1,14.2,2.8,3.6,9.6,4.3,3368,11.138157894737,3,3;
56482111,11.2,13.9,14.3,14.6,15.7,19.8,10.9,14.2,5.9,13.4,7.8,7.4,6.7,10.3,6.4,13236,12.582894736842,3.5,3;
58466023,9.4,10.9,14.9,8.2,8.8,11.7,8.5,11.6,6.4,10.4,3.6,6.6,6.5,6.9,0.6,1749,8.8552631578947,2,3;
59501192,15.8,14.1,10.6,14.0,12.5,9.7,7.4,12.6,4.8,6.6,7.4,3.8,7.5,11.9,3.6,3747,10.984210526316,2.5,3;
60962325,5.7,8.3,8.2,10.2,7.8,8.9,7.4,9.4,2.3,8.1,5.2,7.4,7.7,3.6,1.7,385,7.3671052631579,1.5,3;
63314675,8.9,3.7,6.2,4.9,3.0,4.5,7.3,9.6,2.3,4.1,3.8,2.7,3.8,2.7,0.6,24,5.15,1,3];