dl_data=[32098415,18.2,20.0,15.8,15.6,16.1,15.1,17.3,16.2,15.8,17.8,9.5,9.8,14.2,14.5,29.0,82972,15.667948717949,4.5,2;
34943510,17.0,15.1,17.1,14.3,15.9,17.6,16.4,15.7,16.3,15.1,16.3,9.3,18.2,14.8,23.9,91973,16.010256410256,4.5,2;
54027461,16.5,13.4,11.4,12.3,12.7,10.8,8.9,11.5,8.6,14.9,3.2,5.7,7.5,6.7,0.0,4896,10.810256410256,2.5,5;
56571319,10.5,13.2,7.9,10.7,14.4,10.4,7.0,8.2,12.6,15.0,5.9,5.2,4.9,10.7,0.0,3368,10.428205128205,2.5,5;
56870820,13.2,11.6,8.2,11.5,12.4,8.2,5.1,16.1,4.8,8.5,3.2,5.7,6.0,6.3,0.0,1424,8.8435897435897,2,5;
59040437,9.9,15.7,13.7,13.0,10.8,10.0,6.5,11.2,9.5,9.0,3.3,6.7,3.5,5.0,0.0,2113,9.8641025641026,2.5,5;
62590727,10.2,12.3,7.0,5.2,7.1,4.7,3.2,4.3,5.2,4.8,5.2,3.7,4.2,4.2,0.0,89,6.0897435897436,1,5;
19755472,15.0,19.7,20.0,19.6,14.8,19.4,13.3,12.6,17.2,12.4,13.0,9.0,16.5,6.4,39.4,65877,15.970512820513,4.5,3;
54067200,14.9,20.0,19.3,17.0,15.9,15.4,17.3,10.7,15.5,12.4,11.1,11.2,14.6,7.8,6.9,54092,15.302564102564,4,1;
64814953,9.9,7.0,7.1,4.8,3.4,3.6,6.1,1.0,3.9,7.8,2.3,2.5,3.9,3.5,0.0,23,5.0089743589744,1,3;
46175414,10.3,13.9,11.4,16.4,12.8,12.3,11.0,11.9,13.2,10.7,9.7,15.7,6.7,3.7,1.7,10053,11.888461538462,3,5;
52428259,18.9,15.0,13.3,5.5,5.4,11.6,9.2,8.3,12.1,11.9,10.0,7.6,9.3,8.5,0.0,5522,10.45,2.5,3;
52883347,17.2,15.2,17.2,12.8,17.7,12.7,14.0,12.7,18.1,13.9,7.9,7.2,9.2,10.8,4.0,29891,14.396153846154,4,2;
56573097,14.7,10.0,12.9,7.4,9.5,9.6,11.0,13.6,6.3,11.9,8.8,12.6,16.3,7.3,0.0,7081,10.229487179487,2.5,1;
58105164,9.5,15.7,15.7,18.2,9.7,11.8,10.7,9.6,13.1,17.3,7.5,5.8,7.1,6.4,0.6,9369,12.282051282051,3,1;
59328026,9.1,11.5,13.4,6.4,11.1,11.7,13.1,11.2,10.9,9.2,7.5,7.9,6.7,6.5,0.0,3299,10.071794871795,2.5,1;
62389052,5.9,4.0,8.8,3.3,4.7,7.3,5.2,9.0,5.5,4.0,2.2,1.2,1.2,2.6,0.0,18,5.0628205128205,1,2;
65272098,6.8,5.8,6.8,2.2,3.4,5.8,6.8,4.6,3.4,2.2,1.0,7.8,1.0,2.2,0.0,10,4.1435897435897,0.5,0;
28646957,15.3,18.3,16.3,13.4,15.2,16.3,14.0,16.5,15.6,16.5,14.1,9.4,12.6,9.1,34.5,53167,14.99358974359,4,1;
60280969,11.2,10.7,14.5,10.2,10.7,7.3,9.1,5.9,15.1,9.4,2.5,4.4,2.0,5.1,0.1,1216,9.6833333333333,2.5,5;
45717957,16.1,17.9,19.2,14.3,15.8,16.4,8.6,18.7,16.5,14.8,9.4,6.9,6.3,6.6,12.3,30915,14.567948717949,4,2;
46955647,12.0,17.2,16.0,19.8,18.9,16.3,12.6,16.1,18.6,13.2,6.6,4.0,8.5,17.5,14.5,44162,15.328205128205,4,1;
62372736,9.9,8.2,12.2,5.1,5.7,9.4,2.7,6.9,7.1,10.0,2.5,10.3,4.0,5.8,0.0,374,7.1217948717949,1.5,1;
18123711,19.7,18.1,18.1,11.1,15.7,14.8,17.5,14.7,15.9,14.9,15.6,7.1,5.6,10.9,44.7,48063,15.291025641026,4,4;
58473461,13.8,12.9,8.0,12.7,13.3,13.6,14.3,9.9,12.9,8.1,8.5,4.7,5.0,5.1,0.0,4595,11.15,3,4;
61243497,14.6,10.8,12.1,11.5,9.1,11.0,8.8,14.0,7.4,10.5,5.5,5.4,2.2,7.1,0.0,2381,9.8397435897436,2.5,4;
62598880,12.0,10.3,15.2,10.1,11.0,8.6,10.4,16.3,4.4,9.9,4.8,5.9,7.4,6.8,0.0,2808,9.7794871794872,2.5,4;
15185758,15.8,16.6,18.4,19.5,17.8,19.6,19.5,14.5,15.0,14.5,9.3,13.5,6.9,10.5,43.4,71598,16.09358974359,4.5,3;
15888237,15.8,17.2,19.1,19.6,16.4,14.0,17.6,16.6,16.8,15.9,13.6,7.2,6.0,13.6,36.4,66989,16.241025641026,4.5,5;
58939627,8.5,11.7,5.2,8.1,11.6,7.9,6.8,8.5,7.0,6.0,4.9,2.8,3.2,4.0,0.0,289,7.4602564102564,1.5,2;
25490991,16.2,17.8,17.1,17.5,18.2,18.6,19.3,15.9,15.3,16.2,12.0,13.6,11.1,10.8,34.4,93452,16.323076923077,4.5,2;
49392584,14.8,19.2,15.5,19.4,18.5,14.7,17.7,12.4,16.2,14.7,10.0,6.4,8.8,10.2,12.8,46077,15.465384615385,4,4;
16926789,18.2,18.4,18.8,18.2,20.0,17.3,14.8,15.7,15.9,15.9,13.8,9.5,9.2,14.8,42.9,96167,16.875641025641,4.5,1;
58315234,16.2,14.7,16.9,17.1,19.0,11.4,16.7,15.8,12.5,11.6,10.7,5.7,4.0,10.4,0.6,25783,14.475641025641,4,5;
60801641,5.0,15.8,17.9,9.6,12.8,6.3,13.9,7.4,7.9,9.8,8.0,3.2,8.9,6.7,0.0,2823,10.352564102564,2.5,5;
63753191,19.1,8.2,7.8,8.8,8.6,6.9,8.6,5.2,6.0,5.9,5.5,2.4,5.0,2.4,0.0,390,7.9282051282051,1.5,5;
58760300,11.8,16.2,18.7,10.4,16.0,11.3,15.1,11.3,16.4,6.8,7.8,4.7,4.4,5.4,7.5,8647,12.617948717949,3.5,4;
59495210,6.8,16.2,8.6,11.4,10.2,8.2,6.3,13.1,3.5,6.4,2.1,5.5,3.1,6.2,6.8,634,7.8538461538462,1.5,1;
61637900,8.2,8.8,7.3,9.3,8.1,8.8,7.0,5.5,7.1,10.4,7.9,2.7,2.6,11.5,0.0,541,8.0205128205128,2,4;
24299535,17.5,17.4,20.0,17.1,18.8,17.7,15.6,16.1,17.9,18.1,11.2,7.2,6.9,15.8,35.4,86812,16.788461538462,4.5,4;
36492937,17.0,17.7,18.7,20.0,20.0,16.5,17.7,13.4,12.7,13.2,14.7,6.2,8.8,11.4,21.9,63916,16.375641025641,4.5,4;
43863174,14.0,17.2,17.5,16.9,18.1,17.4,16.3,18.8,15.5,15.3,16.8,8.6,10.0,15.5,17.8,88504,16.396153846154,4.5,1;
45463500,13.4,20.0,15.6,16.5,19.4,14.2,15.3,17.3,14.5,17.8,15.3,8.0,8.0,11.5,8.2,61379,15.737179487179,4.5,1;
49389121,15.0,16.5,19.5,16.5,16.0,18.1,15.5,17.8,13.8,15.8,13.7,8.5,12.7,11.3,8.6,69954,15.802564102564,4.5,1;
58107421,10.3,9.6,10.2,16.6,12.7,8.6,9.8,9.2,5.4,8.7,7.3,3.5,3.7,7.5,0.0,1625,9.8435897435897,2.5,1;
62584372,9.4,9.5,12.3,8.5,7.3,14.5,7.1,7.0,9.6,10.3,3.2,2.4,3.9,4.2,0.0,703,8.6102564102564,2,1;
34957397,17.6,17.6,20.0,19.9,19.4,16.7,16.4,15.1,20.0,15.9,8.1,12.8,9.6,12.5,29.1,99575,16.952564102564,4.5,2;
36491664,17.6,20.0,20.0,20.0,19.6,17.0,15.0,15.6,20.0,15.5,10.1,9.1,8.4,13.2,31.6,98013,17.167948717949,5,2;
49392517,13.7,18.5,11.5,11.8,16.2,12.7,10.5,10.7,5.3,15.8,15.9,3.5,5.7,13.1,2.9,12581,12.507692307692,3.5,2;
65299883,2.2,8.8,3.4,3.4,2.2,2.2,2.2,3.4,3.4,7.8,2.2,2.2,3.4,6.8,0.0,5,3.5512820512821,0.5,1;
58464350,7.7,18.2,11.2,11.9,10.7,8.4,7.2,9.1,12.0,7.7,1.8,1.9,3.9,2.8,1.6,979,9.1384615384615,2,1;
39899882,12.8,16.0,17.2,19.6,19.5,20.0,18.1,14.9,18.9,15.6,12.8,15.1,10.4,14.0,25.5,110431,16.908974358974,4.5,2;
42284303,7.7,9.4,13.4,12.4,11.8,8.1,6.1,9.0,13.4,10.5,4.2,4.5,9.8,6.7,0.0,2022,9.9153846153846,2.5,2;
60703289,12.2,12.9,11.6,18.6,12.6,8.3,11.4,9.4,14.0,7.9,11.9,6.2,3.8,9.2,6.0,6483,11.971794871795,3,2;
63189762,10.9,3.2,8.2,5.5,10.1,5.9,6.5,4.1,4.4,6.2,1.6,2.6,1.2,2.6,0.0,42,6.0628205128205,1,2;
22992915,13.8,15.8,17.1,18.9,19.1,20.0,19.3,18.5,16.1,16.9,9.9,10.2,6.4,16.3,36.8,89648,16.50641025641,4.5,4;
47099455,13.2,13.8,13.2,10.5,8.8,7.1,16.2,11.9,9.3,15.3,12.2,3.5,5.8,7.8,8.7,6071,11.151282051282,3,2;
55484443,15.0,17.1,12.4,12.2,16.0,12.3,9.8,12.7,5.6,11.5,9.3,3.1,2.7,5.9,1.9,5264,11.465384615385,3,4;
61582472,8.7,7.9,11.5,8.3,3.2,5.3,12.8,4.1,6.8,11.7,7.3,6.0,4.0,4.8,0.0,448,7.6217948717949,1.5,5;
16887975,11.7,15.4,17.2,15.2,15.0,15.2,15.1,16.0,15.0,11.8,16.4,9.6,16.3,7.3,30.7,44006,14.692307692308,4,3;
20644285,17.0,16.1,19.7,15.2,15.9,16.8,15.5,14.4,14.0,14.0,13.1,13.5,8.7,7.6,30.2,51179,15.235897435897,4,3;
63537603,6.0,5.2,3.8,4.6,6.7,6.5,6.2,6.2,3.9,5.3,2.2,6.0,3.9,2.0,0.0,27,4.8833333333333,0.5,3;
58299096,20.0,17.3,12.5,15.6,15.2,13.1,10.1,13.0,11.7,13.6,7.5,7.8,5.9,11.7,5.6,19073,13.217948717949,3.5,3;
62373824,10.0,16.3,15.6,9.4,9.2,11.6,9.6,12.5,15.1,9.6,6.8,5.4,4.1,3.6,3.1,3766,10.744871794872,2.5,3];