dmc_data=[32993893,17.1,20.0,16.5,19.1,17.7,17.5,19.3,15.6,10.3,15.7,12.6,15.5,17.3,13.2,42.2,119316,16.754761904762,4.5,2;
62816965,13.8,6.3,17.2,5.5,6.2,9.3,7.3,4.9,3.2,6.9,4.3,4.2,6.2,6.4,0.0,427,7.4617283950617,1.5,3;
63426008,6.2,8.7,6.6,5.3,8.2,4.8,4.8,6.0,5.8,5.1,4.8,4.0,2.9,2.4,0.0,54,5.6851851851852,1,3;
36039874,15.8,14.2,15.2,11.9,8.0,11.9,14.6,10.1,10.4,6.6,17.4,14.4,18.4,12.5,1.7,24526,12.859523809524,3.5,3;
58902920,12.3,15.1,9.1,16.7,6.9,7.9,15.0,9.3,7.5,6.3,10.2,9.6,15.7,7.0,0.0,6071,10.97380952381,2.5,1;
38649800,17.5,14.9,15.8,15.0,16.2,13.6,16.6,13.1,7.9,12.8,18.5,17.2,13.7,18.9,28.1,72312,15.022222222222,4,1;
22458517,14.4,17.8,20.0,16.1,16.2,16.9,17.7,16.2,9.7,16.5,13.3,15.0,15.1,11.1,36.3,83242,15.919047619048,4.5,3;
48947298,17.5,19.8,15.1,18.4,13.6,16.7,10.3,14.1,10.5,14.9,18.2,13.3,14.2,9.5,11.3,59939,15.08024691358,4,5;
63302641,5.7,2.7,9.7,4.8,6.5,9.4,3.6,5.3,5.2,8.3,4.9,6.5,3.5,3.7,0.0,78,5.7975308641975,1,1;
14200387,15.8,18.1,18.3,15.9,14.5,19.7,15.4,18.3,10.8,13.2,16.1,11.3,13.1,9.5,44.4,68344,15.653086419753,4.5,5;
25027900,20.0,20.0,15.9,17.9,19.5,15.9,16.2,16.0,10.2,14.9,18.2,16.4,13.6,14.9,29.7,127634,16.728395061728,4.5,2;
28715231,15.1,12.9,12.1,14.5,16.1,11.5,15.7,14.5,11.0,16.1,14.4,12.2,19.8,9.9,8.8,41865,14.20119047619,4,2;
62690601,7.5,5.3,10.7,7.7,9.6,5.4,7.6,6.0,2.7,8.4,5.5,4.4,6.4,5.1,0.0,217,6.841975308642,1.5,2;
40114657,15.6,17.4,17.3,15.9,17.7,20.0,17.2,18.8,7.7,17.9,15.9,15.0,12.0,15.6,18.1,107374,16.432142857143,4.5,2;
10632933,17.1,16.8,17.1,17.5,17.4,14.9,19.0,14.9,15.2,15.8,15.8,17.1,16.4,15.7,58.7,131977,16.56049382716,4.5,5;
62949353,14.0,8.0,4.6,6.6,2.5,4.4,4.4,10.1,2.9,5.7,5.3,3.8,6.1,1.4,0.0,78,6.0333333333333,1,4;
45993823,20.0,17.8,18.2,12.0,14.0,18.9,15.1,16.9,9.1,17.6,12.4,18.4,17.7,15.0,11.0,104390,16.235714285714,4.5,4;
59033305,13.3,13.6,13.4,9.7,11.6,6.8,8.6,7.3,5.3,12.2,8.7,8.4,5.7,3.6,0.0,2160,9.4469135802469,2,2;
43626148,16.1,20.0,18.5,17.0,19.5,13.9,17.8,14.4,10.1,17.2,16.1,14.4,15.9,8.9,21.1,94050,16.12962962963,4.5,3;
61356568,12.4,12.7,8.9,15.7,11.2,11.0,13.1,19.7,9.1,8.5,13.3,10.2,10.5,5.8,4.5,11160,12.203703703704,3,2;
40051949,17.8,18.6,17.3,13.9,16.9,17.9,17.1,15.7,9.2,18.3,15.8,17.9,14.2,17.1,26.8,120422,16.439285714286,4.5,4;
63526243,8.1,7.4,2.9,6.8,8.2,3.0,6.5,4.2,1.0,3.2,7.1,2.5,4.7,3.7,0.0,29,5.2691358024691,1,1;
53879774,12.7,9.6,18.0,9.9,6.8,6.4,8.6,11.7,15.1,13.3,6.3,11.2,11.5,7.9,0.9,6187,10.585714285714,2.5,1;
58461263,11.7,8.4,8.0,8.2,7.7,9.5,6.4,6.5,5.9,8.0,7.9,11.6,7.6,8.8,0.1,1085,8.25,2,5;
55687930,14.0,19.3,11.5,11.4,15.5,14.9,11.4,13.8,6.5,11.6,8.9,6.1,8.3,7.7,11.1,10594,12.20987654321,3,4;
60962323,14.2,9.6,12.3,9.1,7.3,12.5,5.6,8.0,8.2,8.9,14.3,4.1,5.1,6.3,2.4,1861,9.2814814814815,2,5];