dml_data=[33883956,15.6,18.0,18.8,17.7,16.6,16.8,20.0,15.1,16.5,15.9,12.6,12.0,12.3,14.1,30.0,100840,16.414942528736,4.5,1;
39753783,15.0,17.3,20.0,16.2,16.4,14.8,18.0,16.4,17.5,15.6,8.3,12.8,11.3,10.4,24.0,68344,15.764516129032,4.5,2;
62692054,9.0,6.8,6.4,9.9,5.1,4.8,5.1,10.9,7.5,5.5,4.5,2.5,3.0,5.2,0.0,134,6.4068965517241,1,3;
17367859,15.7,18.3,16.4,16.3,19.3,16.5,16.5,16.7,17.2,18.1,10.5,7.5,11.4,8.3,32.4,65437,15.831034482759,4.5,3;
19086253,15.5,13.9,15.5,19.2,19.9,16.0,15.8,16.2,17.2,19.9,10.1,10.2,10.4,15.1,20.9,80319,16.051724137931,4.5,3;
30250328,18.5,17.4,19.7,17.1,17.1,14.6,15.7,14.8,18.0,17.1,13.8,17.6,14.7,13.2,26.7,126471,16.687096774194,4.5,4;
56265768,17.7,16.6,15.6,16.5,16.9,13.6,13.3,16.7,16.6,13.1,10.2,13.8,11.2,6.8,5.6,46240,14.766666666667,4,3;
58299267,11.3,11.0,14.3,8.8,12.7,11.5,8.3,10.8,13.8,5.0,7.0,5.5,5.2,6.9,0.8,2664,10.201149425287,2.5,3;
45137478,8.9,14.2,16.1,16.5,13.6,9.6,11.0,8.1,9.5,9.0,6.2,6.5,13.9,4.4,0.0,5764,11.227586206897,3,2;
56085750,13.6,11.5,9.6,4.8,12.3,17.9,15.0,7.0,12.9,8.1,9.5,6.5,10.5,5.8,0.0,5114,10.959139784946,2.5,1;
59502401,7.6,9.6,8.6,8.8,8.9,12.2,11.1,7.4,5.7,12.6,5.9,12.1,6.2,3.2,0.0,1352,8.8881720430108,2,1;
46954281,16.9,17.8,17.6,14.3,14.3,14.5,16.9,16.8,17.5,17.0,17.8,12.1,11.1,10.0,18.1,79537,15.740229885057,4.5,2;
62703283,15.7,7.0,6.6,9.8,7.9,8.4,3.1,7.8,6.3,5.1,2.7,2.5,6.2,1.2,0.0,186,6.9275862068966,1.5,5;
22859536,17.8,14.6,20.0,17.6,20.0,17.3,16.2,18.8,18.9,17.3,7.9,14.5,10.3,16.1,36.5,118949,16.928735632184,4.5,1;
46896561,12.2,17.6,18.5,9.7,7.1,10.1,7.9,14.4,13.5,15.8,6.2,6.8,8.6,11.3,0.3,10053,11.765591397849,3,2;
60201860,8.7,15.3,15.1,7.1,7.1,10.1,10.5,15.8,10.1,8.9,4.0,4.5,4.3,4.6,0.0,1924,9.6075268817204,2.5,2;
63068768,8.9,15.7,8.3,5.2,5.7,6.2,4.3,4.5,6.4,8.4,1.3,5.5,2.9,5.3,0.0,163,6.5483870967742,1.5,2;
22286633,14.8,20.0,20.0,13.5,10.1,17.3,6.9,16.6,19.1,15.3,6.6,12.3,11.8,12.4,41.9,43231,14.645161290323,4,3;
49987481,19.4,18.8,16.2,13.5,13.0,15.7,6.8,14.2,16.0,13.9,13.6,6.6,6.4,8.7,10.6,25882,13.704597701149,3.5,2;
59858781,6.6,10.2,8.0,6.6,6.8,6.1,5.3,6.2,6.8,5.2,6.0,3.5,5.6,2.5,0.0,126,6.3942528735632,1,1;
60691194,7.2,6.0,9.7,6.9,4.1,11.0,3.9,8.4,7.6,7.5,1.4,3.1,6.2,5.1,1.5,156,6.7623655913979,1.5,1;
64807468,6.0,12.0,13.8,6.2,6.8,3.4,6.8,4.8,4.6,4.8,2.2,3.4,2.2,4.7,0.0,92,6.2540229885057,1,0;
22554321,11.4,20.0,17.3,18.5,18.4,20.0,17.9,17.2,15.8,17.8,7.7,11.0,10.9,18.9,33.5,103412,16.451612903226,4.5,1;
57823809,8.2,10.0,15.7,7.7,7.6,6.3,10.7,9.2,11.1,13.1,7.8,4.9,1.9,13.2,0.0,2067,9.4390804597701,2,1;
61386749,11.5,3.5,12.9,6.3,7.4,11.7,10.1,6.3,7.8,7.2,4.6,4.9,6.2,4.8,0.0,541,8.1114942528736,2,1;
62708596,5.3,8.9,8.1,3.9,9.8,8.9,5.9,6.2,6.4,5.8,5.0,3.7,1.3,3.6,0.0,101,6.3977011494253,1,5;
65300254,5.8,6.8,3.4,7.8,4.6,6.8,2.2,4.6,1.0,13.8,3.4,2.2,3.4,2.2,0.0,26,4.9609195402299,0.5,4;
44634204,14.2,18.1,19.0,20.0,19.6,14.7,8.6,16.0,18.9,14.4,3.1,11.7,7.9,6.5,6.2,37440,14.932183908046,4,1;
52719863,13.8,13.5,16.2,14.0,7.3,18.0,11.2,13.8,15.5,14.5,7.2,5.6,6.9,8.4,0.4,13125,12.613978494624,3.5,1;
63182278,7.7,9.6,10.1,3.8,2.9,5.4,5.6,7.6,8.6,7.3,5.2,3.6,2.3,4.4,0.0,113,6.2494623655914,1,5;
60282856,7.5,9.7,15.3,14.2,12.4,6.9,10.0,10.5,11.2,7.9,15.9,5.7,2.7,8.1,0.4,3617,10.505747126437,2.5,4;
60711867,8.4,12.7,12.7,7.3,7.7,10.2,12.0,5.6,13.8,8.9,6.1,5.6,4.8,5.1,0.0,1433,9.3086021505376,2,4;
60711869,7.6,8.3,11.4,6.2,8.5,8.3,7.1,5.3,7.8,17.5,5.1,5.3,4.2,4.1,0.0,597,8.0931034482759,2,5;
62400169,9.4,7.4,8.5,6.4,7.0,6.4,5.6,6.1,9.2,7.4,4.1,6.4,9.6,4.4,0.0,327,7.2688172043011,1.5,4;
63314599,7.5,3.5,5.3,8.8,5.2,4.7,3.2,8.1,8.4,5.8,6.3,1.6,3.7,1.8,0.0,46,5.6873563218391,1,4;
45716799,17.3,18.8,19.0,12.3,14.1,17.3,12.2,15.3,20.0,16.0,14.7,8.9,5.8,15.3,9.6,61795,15.398850574713,4,2;
52487554,15.6,20.0,20.0,18.2,17.4,15.4,14.9,18.5,20.0,18.3,8.9,7.8,10.9,15.3,9.6,98324,16.586206896552,4.5,5;
33023049,15.3,19.1,19.2,13.3,17.8,14.1,17.9,18.6,18.1,15.7,11.6,15.5,14.7,15.8,28.2,116768,16.50752688172,4.5,4;
42664499,18.2,18.1,19.8,19.3,16.2,18.0,10.3,19.9,16.5,17.6,7.2,12.5,6.7,14.9,16.5,81107,16.009195402299,4.5,2;
44993891,10.0,17.1,16.5,17.3,19.7,18.8,19.2,16.4,17.0,14.6,12.1,7.4,8.8,9.5,15.5,56563,15.672413793103,4.5,2;
57054061,11.2,13.3,16.7,6.4,7.6,6.1,10.3,15.2,10.1,11.8,4.1,3.6,4.0,6.9,0.5,2056,9.5698924731183,2.5,5];
