fc_data=[52893150,15.3,16.6,17.2,6.4,5.2,14.6,16.7,11.5,16.6,14.5,18.9,16.5,15.0,7.4,8.1,37034,15.315384615385,4,1;
58635591,10.7,14.4,8.7,4.6,3.5,9.6,10.4,4.4,5.1,6.2,16.2,12.0,10.7,5.2,0.0,1500,10.191025641026,2.5,1;
64824435,8.8,5.8,6.0,4.6,1.0,2.3,7.1,10.0,5.8,5.8,5.9,2.7,4.6,3.5,0.0,46,5.4615384615385,1,1;
29780797,17.5,15.3,15.4,9.6,11.7,16.0,18.6,19.2,11.8,15.6,13.3,18.1,18.6,20.0,30.8,96779,16.667948717949,4.5,2;
64519864,8.8,6.0,4.8,1.1,3.7,4.6,4.9,3.4,1.1,5.8,5.1,10.2,4.7,2.2,0.0,22,5.7333333333333,1,2;
22720476,16.3,15.0,16.2,6.6,7.0,19.6,20.0,11.8,7.8,13.1,16.4,16.9,17.2,10.2,35.6,39386,15.653846153846,4.5,1;
53877777,18.0,15.9,15.0,4.9,4.1,11.4,11.1,12.7,5.2,13.1,13.9,10.7,12.1,7.4,0.0,8342,12.435897435897,3,1;
56085744,17.6,14.0,16.0,4.9,12.7,16.0,15.5,14.1,15.0,15.5,15.8,15.7,16.1,10.8,3.5,48063,15.328205128205,4,1;
56426105,18.2,15.4,12.8,16.0,9.6,9.5,15.7,15.6,6.1,14.9,11.4,14.8,14.9,9.2,0.3,27198,13.824358974359,3.5,1;
58313647,14.1,14.1,8.4,3.2,3.8,8.4,8.1,7.8,10.7,8.5,6.8,5.9,8.7,5.1,0.0,926,8.324358974359,2,1;
59175726,12.8,13.4,6.8,4.2,5.7,7.6,7.9,11.1,1.9,7.7,5.1,7.8,7.9,3.7,0.0,486,7.9205128205128,1.5,1;
39899181,16.9,18.9,20.0,13.5,14.7,16.1,16.4,15.1,15.9,15.6,15.6,16.7,19.2,10.0,28.9,109404,16.647435897436,4.5,1;
57821198,12.2,14.7,14.4,8.5,4.9,11.3,14.2,15.9,7.4,8.1,9.4,7.3,12.8,5.1,1.9,5417,10.989743589744,2.5,5;
62588936,5.6,9.4,5.7,3.8,3.2,1.8,6.5,8.6,1.2,5.2,7.2,7.4,8.4,2.8,0.0,60,6.3948717948718,1,3;
17317597,18.3,16.9,20.0,7.1,8.8,17.4,17.0,14.0,9.6,16.1,17.6,18.5,16.0,8.0,41.7,58329,16.462820512821,4.5,5;
29744038,18.5,15.8,15.4,5.1,12.7,18.9,19.6,18.6,6.4,15.5,15.3,18.3,18.5,5.6,26.4,56176,16.516666666667,4.5,3;
56580197,9.6,9.8,14.2,9.8,3.4,9.1,7.2,7.8,4.6,11.6,10.7,8.6,8.9,3.4,0.0,1260,9.2166666666667,2,3;
57003324,13.2,13.8,11.9,5.1,2.4,6.0,15.3,6.3,8.1,6.9,9.0,13.0,8.9,5.7,0.1,1871,10.033333333333,2.5,3;
59172558,11.0,12.0,10.3,4.2,5.5,8.2,9.9,9.8,5.1,6.2,16.1,11.9,11.3,6.3,0.0,2113,10.612820512821,2.5,3;
25069094,15.6,15.9,19.2,9.5,12.6,16.3,18.4,9.8,7.9,16.7,15.5,17.3,19.4,8.7,31.9,53535,15.947435897436,4.5,3;
30270831,18.1,16.8,15.1,6.2,8.6,18.3,18.8,10.8,8.8,11.8,15.2,15.4,17.2,10.9,18.9,36498,15.130769230769,4,3;
50883082,12.9,15.0,9.7,5.0,11.1,14.3,13.4,18.9,7.7,8.5,9.5,13.0,11.0,6.0,0.2,8532,11.825641025641,3,3;
53879988,11.6,13.2,13.4,12.1,4.6,9.4,8.3,9.4,4.6,11.4,10.4,12.3,10.6,5.9,2.6,3473,10.584615384615,2.5,3;
58106192,12.1,15.6,12.9,6.9,6.5,13.1,15.0,9.2,6.6,9.9,11.8,14.8,11.2,6.0,0.6,6983,11.983333333333,3,3;
58473458,8.7,19.1,9.8,5.5,6.8,10.1,15.0,8.5,8.3,11.9,11.9,11.0,12.5,8.6,0.0,5819,11.294871794872,3,3;
61369683,9.1,14.1,5.8,2.6,4.3,10.2,7.0,6.0,5.6,11.7,5.2,8.5,7.1,4.2,0.0,418,7.7012820512821,1.5,3;
62941896,10.3,12.5,7.9,3.6,5.6,11.0,10.8,10.2,2.6,13.4,5.3,7.2,6.3,2.2,0.0,689,8.2564102564103,2,3;
13706256,17.3,18.0,16.1,11.8,11.7,16.8,20.0,13.5,11.4,17.1,14.7,17.9,16.2,19.7,46.4,101478,16.528205128205,4.5,4;
25241136,16.5,8.0,15.5,10.7,7.8,15.8,19.4,14.8,10.5,15.3,15.4,19.0,17.3,14.7,27.6,49773,15.879487179487,4.5,1;
48472183,18.5,17.9,14.9,11.9,12.3,17.1,18.4,10.5,9.4,17.5,16.6,16.0,17.3,6.5,14.9,57342,15.761538461538,4.5,5;
19563843,16.9,17.9,19.8,14.6,14.5,19.7,20.0,17.6,9.8,14.6,15.6,18.3,19.3,17.0,47.8,152894,17.587179487179,5,4;
43630133,18.8,18.5,20.0,8.5,7.7,17.1,14.1,17.3,16.2,15.7,13.6,19.1,16.7,8.5,23.7,72551,16.425641025641,4.5,4;
53665298,13.2,15.0,16.9,4.5,4.2,10.7,10.1,11.5,11.7,14.0,10.6,14.3,15.8,7.3,0.1,10097,12.785897435897,3.5,4;
60691185,18.0,12.6,15.9,4.1,2.6,10.1,15.4,12.0,7.8,8.2,8.2,13.2,11.7,4.2,0.0,4872,11.669230769231,3,4;
61476742,12.3,11.2,11.4,5.3,6.3,7.2,11.0,7.3,5.8,6.1,9.1,11.4,8.0,5.4,0.0,1194,9.1871794871795,2,4;
65300251,6.8,5.8,6.8,3.4,3.4,7.8,4.6,2.2,4.6,3.4,7.8,3.4,2.2,2.2,0.0,17,4.7230769230769,0.5,4;
21354819,18.5,16.3,15.6,8.4,11.6,15.4,20.0,15.9,8.9,11.6,18.7,16.5,18.6,16.0,26.7,73032,16.520512820513,4.5,3;
37964554,16.8,18.7,16.6,7.3,10.0,19.3,19.3,15.3,10.1,15.3,13.4,20.0,20.0,7.2,25.9,66765,16.720512820513,4.5,3;
56086015,10.1,11.6,11.1,3.4,12.7,8.9,11.9,11.2,7.4,11.7,15.8,13.4,13.2,9.2,4.1,6983,12.002564102564,3,3;
56739516,10.1,9.5,9.7,5.2,6.3,13.1,15.1,9.5,4.6,10.0,13.2,13.4,18.4,6.7,4.3,5065,12.147435897436,3,3;
59174163,8.9,9.1,9.6,3.2,2.7,7.7,7.7,10.1,8.4,10.9,8.9,15.0,9.3,7.7,0.0,1297,9.8192307692308,2.5,3;
59426201,9.0,9.3,9.9,3.0,2.6,7.6,10.8,11.3,2.9,10.5,9.7,14.0,8.0,12.0,0.8,1408,9.9564102564103,2.5,3;
60705461,8.7,18.5,6.3,4.6,5.3,6.5,9.8,5.4,4.3,7.3,6.5,5.1,12.9,4.6,0.0,563,7.9358974358974,1.5,3;
38305025,12.9,15.3,18.5,18.7,8.9,10.5,18.2,16.8,8.2,19.7,14.0,19.3,18.5,15.4,18.2,80319,16.373076923077,4.5,3;
63527671,14.5,7.5,5.7,3.5,4.7,7.2,5.5,6.7,3.8,6.3,8.4,5.6,3.3,2.6,0.0,125,6.4871794871795,1,3;
19057684,20.0,20.0,19.4,7.0,8.2,13.4,20.0,13.9,16.4,16.8,18.9,18.9,19.1,7.2,45.4,92267,17.487179487179,5,3;
57010702,15.7,18.9,18.5,19.8,15.1,19.0,16.0,15.1,9.1,17.3,13.7,20.0,18.0,15.5,6.5,136034,16.958974358974,4.5,3;
58107419,16.2,18.6,13.6,6.8,6.9,10.7,10.2,12.6,2.7,10.6,9.9,13.6,14.4,16.1,0.6,11551,12.573076923077,3.5,3;
62400171,10.7,7.7,5.9,1.7,2.4,5.9,6.7,4.7,1.6,2.9,4.9,5.6,7.7,2.5,0.0,34,5.8166666666667,1,4;
49381484,20.0,20.0,19.2,9.7,12.7,17.4,19.5,17.0,14.3,13.9,19.7,19.8,20.0,15.9,19.3,169520,18.434615384615,5,5;
24461628,17.0,17.2,18.3,13.9,17.6,15.5,17.9,18.6,14.2,20.0,17.3,18.3,19.9,13.4,42.2,169520,17.805128205128,5,5;
24855809,16.5,16.2,18.2,12.5,11.1,19.3,20.0,13.1,7.8,16.8,16.3,20.0,20.0,9.8,36.8,87655,17.185897435897,5,4;
62397319,7.3,5.5,7.7,4.1,1.4,7.2,8.2,3.9,4.9,3.4,4.7,5.3,5.2,2.6,0.0,36,5.4705128205128,1,4;
62596959,7.9,12.5,5.7,2.7,2.8,6.0,4.5,6.5,3.7,5.1,5.1,8.7,5.8,3.7,0.0,85,6.3538461538462,1,4;
62934290,6.9,7.9,7.8,3.8,2.4,7.0,2.9,4.9,2.8,2.6,4.0,7.9,6.5,2.2,0.0,30,5.5820512820513,1,4;
63182519,11.0,10.4,7.4,1.3,2.3,4.3,6.5,4.1,2.3,3.7,8.8,5.2,4.4,3.5,0.0,52,6.0564102564103,1,4;
63425046,5.9,14.3,8.0,2.9,1.4,5.8,6.8,11.3,11.4,5.5,5.9,5.1,4.4,4.7,0.0,235,6.6230769230769,1.5,5;
65299876,5.8,4.6,9.8,2.2,2.2,7.8,8.8,8.8,2.2,4.6,5.8,9.8,4.6,4.6,0.0,91,6.774358974359,1.5,1;
55298168,17.5,10.2,8.4,3.3,7.5,9.1,11.1,15.4,4.4,14.7,9.3,11.3,13.3,6.2,0.7,4353,11.39358974359,3,4;
62397317,11.5,9.9,16.0,2.2,4.5,10.3,11.3,7.4,2.2,7.2,6.9,7.5,9.1,3.0,0.0,694,8.7384615384615,2,4;
42643410,15.6,15.8,14.4,9.6,9.9,15.6,18.4,16.0,9.6,18.3,15.3,20.0,17.4,11.1,24.6,61795,16.364102564103,4.5,1;
63189670,11.8,7.8,9.7,3.8,1.3,5.0,8.2,10.1,3.9,7.6,5.8,11.7,11.0,3.8,0.4,421,8.6320512820513,2,1;
63417481,10.4,7.7,7.5,1.1,4.7,6.4,2.7,8.3,3.4,5.2,7.8,2.7,5.7,3.6,0.0,62,5.874358974359,1,1;
55177403,15.0,14.8,12.8,3.9,3.7,15.3,17.2,7.5,4.6,7.2,11.6,13.8,15.0,4.8,0.0,5682,12.265384615385,3,1;
56433976,17.0,16.3,13.0,9.8,8.7,12.2,15.1,9.1,7.1,8.8,14.3,12.4,18.2,6.5,9.8,14634,13.207692307692,3.5,1;
57059105,14.2,13.1,11.3,3.2,5.7,11.2,16.0,8.4,6.7,11.5,13.5,9.5,11.4,4.9,0.0,4122,11.241025641026,3,1;
58307645,19.0,13.6,12.2,9.6,11.5,12.9,17.3,15.4,7.8,15.4,15.3,16.4,14.5,7.0,10.4,31380,14.707692307692,4,1;
58339653,15.2,14.8,16.0,5.8,10.3,12.7,18.4,8.0,9.2,10.7,14.8,15.7,12.6,4.4,9.9,14695,13.366666666667,3.5,1;
58901940,15.1,15.4,12.8,7.3,3.5,8.8,10.6,7.4,4.2,6.2,19.7,12.8,8.8,3.8,0.0,3333,11.376923076923,3,1;
8702740,17.2,17.2,17.4,7.4,13.9,14.1,11.1,18.0,14.4,17.2,19.6,19.2,16.6,12.8,58.5,83512,16.738461538462,4.5,5;
18649009,18.7,18.3,15.6,7.7,6.1,19.8,18.8,11.9,10.8,10.5,16.4,19.9,19.9,10.4,22.9,57342,16.584615384615,4.5,4;
17212960,16.4,15.5,17.9,8.5,9.3,18.0,20.0,13.8,9.4,12.0,17.8,17.4,16.3,15.0,48.2,62425,16.205128205128,4.5,2;
24012698,13.8,15.7,15.4,10.2,11.2,15.8,18.7,15.1,15.4,14.0,19.0,19.2,19.1,9.4,35.3,73032,16.610256410256,4.5,1;
57811677,8.8,13.6,16.1,10.1,7.1,9.5,8.6,8.5,3.2,9.5,12.5,14.4,16.0,4.0,2.8,4396,11.59358974359,3,5;
63340588,5.0,7.6,7.6,2.4,2.4,8.9,7.1,12.2,4.3,3.8,6.0,5.1,6.6,1.8,0.1,85,6.3474358974359,1,1;
63528337,6.5,8.3,3.3,3.8,9.8,5.0,5.2,8.8,7.6,3.5,4.8,7.0,4.9,5.0,0.0,107,5.7282051282051,1,1;
64823969,7.0,3.7,7.8,4.6,3.4,5.9,7.9,3.4,9.8,4.7,3.5,4.6,4.8,2.3,0.0,44,5.1512820512821,1,1;
