gk_data=[36084339,16.3,13.8,19.1,16.3,15.0,17.5,15.1,19.2,13.3,17.6,13.3,20.7,109528,16.24328358209,4.5,1;
61578722,7.0,9.2,7.7,6.3,15.2,6.0,7.3,8.2,8.1,5.1,2.6,0.1,543,7.7761194029851,1.5,1;
32321330,16.0,15.6,16.8,18.2,16.1,15.3,15.1,10.5,16.7,17.8,12.1,15.7,84924,15.553731343284,4.5,1;
35066114,16.2,15.6,18.1,17.2,12.7,17.9,17.5,10.7,12.1,10.0,15.3,8.8,63564,15.271641791045,4,1;
34524241,13.9,15.8,15.2,19.1,14.8,16.7,14.3,20.0,16.0,9.6,10.4,27.2,70697,15.913432835821,4.5,1;
45137468,15.3,14.3,15.7,15.7,14.7,17.3,11.8,13.3,14.1,17.2,10.2,0.8,54143,14.74328358209,4,1;
57006294,13.6,10.0,9.1,10.3,13.0,16.1,13.2,15.2,14.0,8.8,7.0,0.0,13089,12.458208955224,3,1;
58313630,16.0,13.2,13.5,11.9,13.8,14.7,12.0,10.0,11.2,7.9,8.5,0.0,14873,12.467164179104,3,1;
25221459,18.5,16.4,19.8,19.2,18.5,17.4,17.6,20.0,18.6,15.9,12.6,24.3,216147,18.070149253731,5,1;
56265911,11.1,7.6,16.0,7.0,15.0,12.6,12.1,8.7,8.1,5.5,8.6,0.1,4623,10.491044776119,2.5,1;
58105479,11.6,11.3,8.3,10.2,13.3,10.9,15.9,9.9,9.9,9.9,6.6,0.1,6461,11.040298507463,3,1;
28641847,18.8,16.2,19.5,20.0,15.6,17.0,16.7,20.0,15.2,14.0,14.7,38.6,168485,17.473134328358,5,1;
61829671,7.0,6.7,12.8,15.1,8.9,17.0,10.9,7.0,10.8,5.8,5.8,25.5,3473,10.894029850746,2.5,6;
16990121,15.9,12.2,17.7,15.6,16.9,17.3,14.1,18.6,8.9,9.5,13.7,5.6,56071,15.213432835821,4,1;
17917405,17.9,14.7,18.1,18.4,14.9,19.8,18.8,18.0,17.6,14.2,15.9,43.8,172291,17.54776119403,5,1;
46188754,12.7,12.6,15.6,11.9,9.0,9.5,13.1,15.3,12.0,7.8,7.9,6.9,11181,11.75223880597,3,1;
53421829,14.3,9.5,10.2,12.4,7.2,7.9,10.1,10.2,9.6,3.4,13.6,1.5,3610,9.9179104477612,2.5,1;
58912696,14.4,7.7,10.0,13.7,11.6,9.9,5.7,11.5,8.5,7.1,10.1,0.0,4051,10.331343283582,2.5,1;
59433960,11.5,8.3,11.7,8.3,5.4,20.0,10.1,13.3,8.0,6.7,7.8,0.0,4289,10.829850746269,2.5,1;
61117176,6.6,2.1,3.4,8.1,5.4,8.6,7.0,4.8,2.6,7.4,4.2,0.0,59,5.9059701492537,1,1;
12928648,13.4,14.9,15.7,18.9,16.5,16.7,16.5,15.1,14.7,13.3,10.6,56.0,72203,15.789552238806,4.5,1;
36721659,10.3,11.9,12.1,18.8,15.2,18.6,12.7,15.2,13.8,9.6,5.4,30.1,25846,14.346268656716,4,1;
12166590,14.8,14.6,16.6,18.8,17.3,19.2,15.9,17.2,16.2,9.6,16.1,55.5,108662,16.729850746269,4.5,1;
47592250,10.7,12.8,15.7,18.5,18.5,17.0,12.6,14.9,15.6,8.2,12.0,8.7,47197,15.098507462687,4,1;
60830802,9.1,12.1,12.5,16.5,14.8,15.6,14.3,11.1,8.9,6.5,7.4,0.0,12070,12.792537313433,3.5,1;
16659455,15.8,17.7,20.0,18.0,16.5,20.0,19.8,15.3,9.5,15.6,15.7,40.7,146010,17.165671641791,5,1;
43165029,14.8,15.5,15.3,14.0,11.3,16.3,11.7,8.0,13.0,7.4,13.0,3.2,21964,13.04776119403,3.5,1;
45431855,11.4,8.7,14.6,15.1,16.9,16.9,9.4,15.2,10.8,9.1,13.3,0.0,23198,13.510447761194,3.5,1;
59512093,6.6,7.2,6.4,9.8,8.0,14.0,11.2,9.0,5.4,4.4,4.2,0.0,726,8.7940298507463,2,1;
61386750,5.9,5.7,11.5,12.3,12.0,4.9,5.8,8.9,7.6,5.1,5.7,0.0,680,8.1313432835821,2,1;
22372422,16.6,16.9,18.0,17.0,19.1,17.4,17.4,17.7,18.2,17.9,16.4,38.2,201793,17.534328358209,5,1;
56721663,9.2,8.1,16.1,11.9,13.3,14.2,9.0,12.2,7.7,5.4,5.2,0.0,4623,11.041791044776,3,1;
63301620,9.7,5.6,10.9,6.6,5.3,8.8,9.6,8.2,15.3,9.3,7.7,0.0,1658,8.5701492537313,2,6;
39439210,16.9,15.1,17.3,18.3,19.2,19.2,14.8,20.0,16.0,13.3,12.8,14.2,140542,17.280597014925,5,1;
65286009,4.6,4.6,7.8,8.8,7.8,7.8,11.8,9.8,2.2,3.4,9.8,0.0,374,7.5731343283582,1.5,6;
17317596,15.8,16.6,17.1,19.7,15.5,20.0,16.7,15.6,17.9,16.6,16.6,41.5,171014,17.435820895522,5,1;
51587483,18.1,11.4,14.6,17.1,14.1,17.1,14.4,14.3,11.2,9.8,12.0,0.5,42357,14.679104477612,4,1;
22729132,16.9,15.0,16.6,19.3,19.1,20.0,15.6,19.7,16.7,12.7,13.0,46.9,149945,17.565671641791,5,1;
37726824,16.1,15.2,15.9,15.5,15.3,18.9,16.0,15.4,19.6,14.0,16.3,5.7,117129,16.355223880597,4.5,1;
29545277,20.0,19.3,20.0,20.0,20.0,20.0,16.7,20.0,17.3,18.9,17.9,48.2,370931,19.258208955224,5,1;
58913103,11.4,6.2,9.6,12.3,8.3,16.1,9.9,9.0,9.9,5.7,5.6,8.8,2701,10.355223880597,2.5,1;
18385279,15.3,17.0,19.1,18.9,17.4,18.9,17.2,16.4,16.5,14.7,20.0,49.0,193154,17.591044776119,5,1;
55082797,10.6,4.6,11.2,14.2,10.6,15.0,11.3,8.7,8.5,11.7,6.2,15.5,4711,10.961194029851,2.5,6;
65299891,7.8,3.4,3.4,7.8,2.2,2.2,2.2,2.2,2.2,1.0,2.2,0.0,2,3.5791044776119,0.5,6;
59693606,7.6,14.0,6.6,15.0,9.2,16.1,11.8,6.5,9.7,3.9,3.0,24.7,2594,10.65223880597,2.5,6;
64626951,4.9,4.9,5.1,5.0,4.9,5.0,5.0,5.1,5.1,5.1,4.9,5.0,31,5,1,0;
22052851,16.1,14.4,16.7,17.0,14.0,20.0,16.2,16.9,17.2,12.4,15.2,35.3,107802,16.485074626866,4.5,1;
38986735,17.0,15.9,17.4,17.7,12.5,18.8,20.0,16.7,14.4,15.4,13.3,19.4,121333,16.701492537313,4.5,1;
38987949,20.0,19.0,20.0,20.0,19.7,20.0,18.1,17.7,18.9,17.9,15.2,38.2,328664,19.064179104478,5,1;
60879775,9.1,12.4,11.3,11.2,8.7,11.9,7.1,12.0,12.8,6.7,5.1,0.1,3587,10.283582089552,2.5,1;
54028720,15.4,15.8,15.2,13.3,20.0,15.9,14.2,17.1,17.1,13.1,11.0,10.9,77855,15.535820895522,4.5,1;
59309989,13.4,8.9,10.2,13.9,8.3,12.0,13.9,7.8,10.4,7.8,13.0,2.3,7185,11.132835820896,3,1;
21008654,16.1,15.7,16.7,19.1,14.1,19.2,16.6,20.0,16.7,15.9,13.7,32.6,145455,17.20447761194,5,1;
51584132,14.7,8.3,13.4,9.3,9.4,15.7,11.0,13.7,9.9,10.5,6.2,0.0,8305,11.497014925373,3,1;
12466432,15.6,19.3,19.9,18.0,14.9,18.4,17.4,13.5,19.0,13.4,14.4,38.3,145455,16.970149253731,4.5,1;
58293182,10.9,9.2,12.6,13.7,11.1,11.6,11.4,13.7,15.1,7.1,8.4,0.1,9679,11.819402985075,3,1;
45579240,16.9,12.4,17.5,15.0,11.8,15.5,18.0,12.5,16.7,7.4,8.2,21.2,38301,14.408955223881,4,1;
56624665,7.9,8.2,10.1,13.8,14.1,15.3,10.4,15.1,13.2,5.3,5.8,1.9,7019,11.917910447761,3,1;
5138281,15.6,11.7,16.4,14.5,18.6,15.3,15.8,10.9,13.8,10.3,11.1,47.6,42165,14.429850746269,4,1;
63720508,6.6,9.5,6.4,6.5,5.3,7.5,8.6,4.4,5.4,11.0,4.1,0.0,282,6.7597014925373,1.5,6;
57062092,9.0,13.5,11.6,8.2,13.6,13.1,11.7,9.6,8.4,8.3,5.9,3.9,4799,10.632835820896,2.5,1;
59314802,7.3,5.7,7.7,7.7,7.1,13.0,10.5,8.5,7.1,4.3,4.5,0.8,576,8.2850746268657,2,1];