mc_data=[59243521,15.6,13.8,11.8,15.8,10.0,8.4,10.3,11.5,8.6,10.0,8.4,10.3,7.4,7.2,0.0,6216,10.936904761905,2.5,3;
28833649,19.3,15.6,19.4,9.6,15.5,17.1,17.5,18.3,15.5,15.4,14.8,13.8,14.3,16.5,36.9,102764,15.984523809524,4.5,3;
56723130,13.5,12.3,15.5,7.8,8.8,9.2,14.6,15.1,5.7,10.4,8.9,11.1,11.1,6.9,0.0,6761,11.217857142857,3,1;
59175728,9.5,11.7,7.0,2.9,9.5,7.4,5.4,8.2,7.5,6.6,7.5,6.7,6.4,3.9,0.0,385,7.2547619047619,1.5,1;
60292437,14.6,13.3,15.5,8.8,8.2,9.8,10.2,9.7,7.0,19.7,16.4,13.5,12.6,5.5,0.0,12527,11.827380952381,3,1;
49889186,13.8,17.6,20.0,17.3,18.1,17.7,15.5,16.9,13.9,17.3,12.4,14.7,15.1,10.0,16.3,95558,16.185714285714,4.5,1;
31858348,15.0,19.0,17.8,14.4,15.0,12.6,11.8,14.1,8.9,10.9,12.8,18.3,17.6,8.5,23.7,43231,14.32619047619,4,4;
34957433,14.7,16.2,18.0,16.9,15.0,19.8,17.3,17.1,14.5,13.1,15.8,18.2,18.6,15.5,19.3,131977,16.671428571429,4.5,5;
63191302,4.7,5.3,5.1,2.5,8.6,1.4,1.3,3.4,5.2,6.6,4.0,3.6,2.8,4.9,0.0,10,4.0440476190476,0.5,2;
15832008,16.9,19.5,17.0,16.2,18.3,13.0,19.9,18.5,12.9,16.5,16.6,13.1,10.4,16.7,49.1,112510,16.30119047619,4.5,5;
34014483,15.1,14.7,18.3,17.3,13.7,19.8,17.2,19.0,13.7,12.3,13.8,14.6,15.7,13.3,29.2,90224,16.017857142857,4.5,3;
14654018,17.0,17.9,15.8,15.9,16.1,17.0,18.2,16.5,11.2,20.0,6.3,15.3,14.9,13.6,36.4,82436,15.955952380952,4.5,1;
45431852,17.4,15.8,14.8,15.1,15.8,9.7,17.0,16.4,10.2,15.3,15.1,14.7,12.9,13.5,3.8,55221,14.684523809524,4,4;
25747956,16.0,16.0,16.6,14.5,18.4,14.2,16.1,18.6,15.4,18.0,16.4,20.0,16.2,15.5,38.6,136858,16.542857142857,4.5,2;
29445128,15.9,16.2,19.8,14.7,16.7,15.7,15.4,18.5,10.1,18.4,14.1,14.2,19.3,15.4,33.2,108724,16.282142857143,4.5,2;
63660946,11.4,7.3,5.0,6.3,3.7,5.0,5.0,1.2,2.6,3.7,3.5,7.0,6.1,5.2,0.0,42,5.2285714285714,1,1;
65297705,6.8,5.8,5.8,5.8,3.4,4.6,2.2,3.4,1.0,4.6,3.4,2.2,5.8,1.0,0.0,6,4.2,0.5,1;
61232849,7.9,8.2,10.9,10.4,9.3,10.7,9.4,9.4,5.3,10.0,4.9,11.6,6.7,4.9,0.5,1328,8.9107142857143,2,1;
29418268,15.6,16.5,17.2,17.9,17.6,15.5,15.0,16.9,17.1,15.2,17.1,15.0,12.5,17.6,28.8,116768,16.109523809524,4.5,2;
38649968,20.0,18.0,15.1,16.9,19.7,16.2,13.0,20.0,11.6,15.9,16.9,14.9,15.2,16.4,29.3,128414,16.559523809524,4.5,1;
64537841,11.2,4.0,9.9,8.0,5.9,11.1,2.5,4.9,6.1,5.9,2.4,3.6,12.9,6.1,0.0,255,6.8702380952381,1.5,5;
28203406,18.1,18.1,18.4,16.9,16.2,19.4,15.1,17.4,9.6,17.2,9.6,20.0,20.0,16.9,28.6,141043,16.989285714286,4.5,2;
56275133,15.8,16.4,16.5,10.4,15.5,17.4,16.7,15.8,12.8,15.2,12.2,18.9,16.7,11.5,10.3,72551,15.404761904762,4,3;
60841893,8.2,6.4,11.9,9.1,8.9,11.5,7.1,7.8,13.9,15.0,7.8,9.2,9.0,7.5,4.9,2838,9.4404761904762,2,3;
61010992,5.6,8.8,16.5,7.3,5.8,8.1,4.2,8.7,6.3,7.0,7.1,12.5,12.8,5.6,3.0,1092,8.3309523809524,2,3;
61457592,7.1,6.1,7.1,7.1,8.1,5.8,3.4,3.5,13.1,4.5,3.1,5.9,3.8,4.4,0.2,103,5.775,1,3;
62596963,4.1,5.7,15.3,6.7,2.8,4.2,6.7,3.9,2.6,4.7,5.5,7.9,7.5,3.5,0.0,88,5.8809523809524,1,3;
22467123,15.3,17.0,15.4,16.9,17.0,16.7,14.2,19.2,20.0,17.1,15.5,19.2,19.2,15.4,33.4,164619,16.979761904762,4.5,4;
24014337,17.1,19.4,18.4,18.2,18.1,15.3,18.5,19.6,10.7,17.8,19.4,19.6,19.4,20.0,51.1,241507,18.019047619048,5,4;
56862650,12.8,13.0,10.6,11.4,10.2,12.0,17.0,8.7,3.2,8.4,10.0,7.8,6.7,9.2,2.6,4204,10.52380952381,2.5,4;
60443642,10.6,10.7,16.3,6.6,9.5,9.8,7.7,10.7,7.3,6.4,2.6,7.6,5.7,6.2,6.5,1187,8.7369047619048,2,4;
60444496,5.4,11.5,16.7,12.0,8.6,7.4,12.8,11.0,7.9,14.9,8.3,9.5,6.7,8.1,0.0,4163,10.291666666667,2.5,4;
60444500,6.9,9.3,13.1,7.5,6.5,8.4,8.3,7.6,8.6,10.0,9.5,7.6,9.2,5.3,0.0,1194,8.4821428571429,2,4;
12571718,16.4,16.9,17.0,14.8,10.6,14.5,14.9,13.8,14.9,14.6,17.9,10.4,12.2,14.6,23.0,54842,14.515476190476,4,5;
22372880,18.3,17.2,16.2,10.6,15.5,17.1,14.5,16.8,13.0,12.8,20.0,16.8,15.2,16.4,36.3,95862,15.654761904762,4.5,5;
55889871,12.0,6.6,15.7,7.7,7.4,15.5,11.0,14.3,9.1,13.3,7.7,11.8,11.7,7.2,2.6,6792,11.129761904762,3,2;
61369048,13.5,8.4,11.2,4.6,5.7,4.7,4.9,6.9,7.7,5.5,3.4,6.0,8.4,5.2,0.0,287,6.8904761904762,1.5,1;
12695133,16.0,17.6,17.3,14.9,15.1,15.1,15.8,16.4,14.8,16.8,10.8,13.9,14.5,11.2,32.4,68801,15.352380952381,4,5;
48927489,18.5,15.3,16.4,9.9,15.3,15.9,15.1,12.9,15.2,17.6,11.4,12.6,9.7,14.3,15.9,48741,14.344047619048,4,5;
58101582,10.4,13.7,13.5,14.3,5.1,6.9,6.6,8.9,9.4,6.0,2.7,2.8,6.6,4.3,0.6,798,8.3345238095238,2,5];
