ml_data=[60441785,8.6,14.1,13.7,13.7,18.1,6.7,12.4,10.1,12.6,11.0,4.0,8.0,8.4,7.6,0.0,6187,11.274193548387,3,3;
31096001,13.9,17.0,18.9,15.8,15.7,15.9,20.0,14.5,19.0,15.0,16.3,16.7,16.4,13.8,30.4,124935,16.655913978495,4.5,3;
62481222,12.2,9.1,7.6,7.2,5.9,5.0,8.4,6.0,6.8,7.6,9.2,7.4,5.5,6.9,0.0,527,7.3279569892473,1.5,2;
21802565,10.6,16.6,14.8,9.5,11.9,15.0,11.0,11.7,15.1,18.2,9.5,13.4,9.1,7.8,12.1,18471,12.937634408602,3.5,4;
47108898,10.9,14.6,14.4,11.5,12.3,7.6,13.1,8.0,11.5,15.3,10.3,10.7,8.3,5.1,0.0,7654,11.336559139785,3,5;
49880646,10.6,17.0,17.4,13.0,20.0,15.4,12.6,12.3,17.2,15.3,7.3,11.1,10.4,6.0,1.0,28788,14.229032258065,4,2;
53668914,16.3,17.3,14.1,17.1,14.3,13.6,15.4,13.6,14.6,16.8,15.3,16.6,15.6,9.7,10.9,69030,15.10752688172,4,1;
63565975,11.0,8.8,5.6,6.4,6.6,3.0,3.7,2.0,8.5,7.1,5.1,1.2,2.6,2.5,0.0,47,5.5322580645161,1,2;
59310935,9.7,12.1,13.9,7.1,8.1,4.9,9.1,6.4,9.2,5.3,6.7,4.1,8.9,4.0,0.0,716,8.1806451612903,2,4;
62941566,7.1,3.6,10.3,5.1,5.1,3.5,2.1,4.8,3.6,7.0,4.0,2.5,3.5,3.5,0.0,20,4.8548387096774,0.5,5;
64539097,4.9,6.0,4.9,1.3,5.9,5.8,2.3,3.7,8.0,2.4,1.0,6.1,4.8,1.3,0.0,9,4.5333333333333,0.5,1;
64824915,6.9,6.9,3.5,6.8,5.9,8.8,6.8,5.0,7.8,5.8,2.2,4.8,3.9,3.4,0.0,70,5.9731182795699,1,1;
24698073,15.0,16.1,17.4,15.4,12.5,15.7,17.9,18.9,18.3,14.7,11.9,15.5,17.9,17.2,35.2,108724,16.204301075269,4.5,4;
24298299,15.4,11.7,17.0,11.1,11.5,18.1,12.8,15.9,19.0,20.0,9.5,11.7,14.8,17.0,36.2,58728,15.083870967742,4,3;
36493784,17.3,15.9,20.0,15.0,11.4,15.1,14.5,13.2,17.3,20.0,15.5,14.2,17.6,12.8,28.3,94050,15.924731182796,4.5,5;
56426078,9.4,11.4,11.5,10.0,9.4,7.8,5.9,14.1,6.8,14.4,10.1,5.5,6.2,7.4,0.3,2368,9.2634408602151,2,2;
56873168,13.4,15.4,14.2,8.2,11.9,10.8,11.9,13.9,11.0,8.6,6.4,4.8,3.3,12.9,0.0,5548,10.762365591398,2.5,2;
57005664,13.7,15.7,15.3,6.8,15.8,11.1,15.0,9.9,16.0,12.8,6.5,7.5,5.8,10.2,0.1,11160,12.251612903226,3,2;
63422566,8.2,13.0,9.1,4.8,4.0,6.5,7.3,7.2,5.8,8.6,3.1,4.3,1.3,1.8,0.0,122,6.4193548387097,1,2;
63750648,8.0,7.2,5.4,5.1,2.4,4.9,4.7,2.6,6.3,4.1,2.5,3.4,4.6,1.3,0.0,14,4.7279569892473,0.5,2;
38972196,15.0,17.4,16.4,19.7,16.5,18.3,15.0,16.4,16.7,20.0,9.6,13.4,11.6,12.9,13.5,91387,16.194623655914,4.5,5;
63539762,5.4,7.5,11.9,7.3,4.3,5.4,4.2,6.3,4.1,2.9,3.7,3.5,4.7,6.3,0.0,64,5.6666666666667,1,2;
15426198,14.6,16.3,18.5,14.7,15.1,16.7,14.2,14.8,15.0,19.6,12.5,13.7,9.8,15.3,42.5,70187,15.335483870968,4,3;
24368987,15.2,16.1,17.4,15.7,14.7,17.5,17.3,15.1,17.3,20.0,13.2,15.7,15.8,15.6,33.6,116408,16.463440860215,4.5,3;
56463106,11.3,15.4,12.1,11.3,10.1,10.8,15.3,8.7,10.6,9.6,10.3,9.7,11.0,6.7,0.0,7413,11.177419354839,3,5;
57063523,7.9,6.2,10.9,11.8,5.2,5.7,15.3,10.0,14.6,8.8,12.9,11.6,7.2,10.0,0.0,3635,9.8720430107527,2.5,1;
62708601,15.4,11.8,14.4,6.3,2.6,4.9,5.2,11.1,11.1,8.2,2.7,5.2,6.6,7.5,0.0,893,8.3290322580645,2,4;
28715229,15.2,15.5,16.7,15.9,19.5,14.4,13.0,18.2,16.4,15.4,11.7,16.7,11.6,20.0,36.6,95254,15.748387096774,4.5,1;
41076306,13.0,15.2,20.0,19.4,18.7,13.0,15.6,18.2,18.5,20.0,11.8,9.0,9.1,12.7,26.4,78505,15.95376344086,4.5,5;
56863248,5.8,13.3,12.3,14.1,10.5,7.1,9.7,9.6,15.5,15.1,7.2,11.7,8.3,4.4,4.2,5016,10.869892473118,2.5,4;
58628837,16.5,10.5,16.0,7.2,7.0,7.5,11.0,12.9,9.5,13.1,3.7,14.2,9.5,7.2,0.0,5315,10.674193548387,2.5,5;
40890484,16.9,16.0,17.8,15.3,17.9,15.4,16.3,15.8,15.3,15.8,11.1,20.0,13.7,18.5,25.9,113562,16.196774193548,4.5,5;
23977616,17.6,16.0,18.1,15.3,13.8,18.5,13.9,15.8,19.3,17.5,18.1,17.0,13.2,15.4,33.1,127246,16.502150537634,4.5,5;
62584371,7.4,7.6,10.7,7.3,3.6,6.3,7.9,8.7,6.2,5.5,5.9,7.2,4.8,3.1,0.0,215,6.7806451612903,1.5,4;
63750486,7.8,8.0,7.3,3.6,9.3,7.9,2.3,7.1,5.1,5.8,4.2,2.7,4.7,2.3,0.0,67,5.8602150537634,1,4;
49651519,12.9,20.0,18.8,15.8,11.0,17.0,19.5,16.1,18.2,17.5,12.4,18.7,19.6,12.8,16.9,130383,16.795698924731,4.5,4;
40043166,17.5,18.9,20.0,19.0,19.4,18.2,18.4,16.4,16.9,18.9,16.4,17.4,19.4,17.7,29.1,262409,18.311827956989,5,5;
61575071,7.0,7.1,15.3,6.3,7.4,13.1,12.1,9.0,7.3,7.6,2.9,7.1,7.8,4.7,3.1,991,8.8774193548387,2,5;
62584846,6.5,5.2,7.0,6.8,6.2,5.7,6.5,13.7,9.2,3.3,4.1,7.4,7.5,5.6,0.0,259,6.9043010752688,1.5,5;
64518406,7.0,6.2,8.2,2.6,9.8,2.2,5.0,3.4,7.2,4.8,1.2,6.8,2.2,1.0,0.0,24,5.2602150537634,1,2;
38969702,17.7,20.0,17.7,16.6,15.5,15.7,20.0,16.5,16.0,17.4,13.1,14.3,15.1,14.8,18.7,130780,16.705376344086,4.5,5;
41525580,14.9,19.9,17.3,15.8,14.8,9.4,15.0,15.7,16.5,17.2,18.0,17.2,7.6,11.6,15.7,70421,15.033333333333,4,4;
7658260,10.8,13.3,15.1,15.2,12.5,13.1,11.7,16.2,14.7,14.0,17.6,14.5,8.0,10.0,36.6,30004,13.375268817204,3.5,2;
28749325,11.0,20.0,20.0,14.2,15.1,12.1,14.0,17.0,18.4,15.2,12.3,19.5,16.2,16.6,33.8,99575,15.923655913978,4.5,2;
59311484,16.2,15.1,20.0,12.0,15.6,10.7,7.6,15.2,17.7,13.4,16.2,6.8,10.9,10.8,5.9,31732,13.721505376344,3.5,1;
22031483,15.7,14.3,16.4,18.7,15.9,12.3,12.5,13.9,15.9,14.9,12.4,12.0,12.8,15.6,24.9,54466,14.665591397849,4,5];
