omc_data=[52439336,12.3,18.1,16.5,14.0,18.7,12.6,13.7,15.6,11.1,15.4,12.4,13.3,15.2,9.7,4.2,46240,14.50119047619,4,2;
62949243,5.7,4.0,4.3,2.6,7.3,6.3,5.4,3.6,5.1,5.3,5.2,10.9,1.5,3.0,0.0,32,5.0545454545455,1,3;
48924463,16.0,18.3,15.7,12.8,10.2,15.2,15.6,18.2,14.6,15.9,15.3,14.8,17.9,13.0,14.3,76727,15.727272727273,4.5,4;
39606951,17.4,15.6,20.0,16.4,13.0,11.0,19.8,16.5,9.5,16.6,12.7,15.3,18.7,13.9,25.8,84327,15.9125,4.5,5;
49897561,15.8,14.6,13.7,13.6,13.3,17.0,15.2,16.8,12.8,17.4,14.7,15.7,15.2,14.0,12.3,67889,15.352272727273,4,3;
23637928,18.0,18.9,17.3,15.2,15.1,19.1,18.0,13.7,8.5,12.4,18.4,17.0,16.7,14.6,36.8,103737,16.172619047619,4.5,3;
22560530,15.9,16.9,16.6,14.5,14.9,16.0,13.0,17.0,11.3,19.2,18.3,19.1,16.0,17.4,41.7,114622,16.463636363636,4.5,5;
58760324,6.6,15.9,9.9,8.3,16.1,4.0,8.1,11.3,11.9,13.4,9.2,14.4,14.3,9.8,4.9,7516,10.981818181818,2.5,3;
34508886,19.7,17.0,20.0,15.1,15.3,16.6,17.6,12.2,15.6,11.8,18.6,20.0,17.1,10.8,31.0,119316,16.291666666667,4.5,5;
61637502,7.1,11.3,10.0,6.9,3.1,7.6,5.5,6.5,11.9,6.8,4.6,6.1,14.6,4.4,0.1,586,7.6931818181818,1.5,4;
56900561,17.6,15.8,20.0,10.6,12.3,10.8,9.4,17.8,11.1,15.8,10.0,14.9,15.6,13.7,5.3,41270,14.370454545455,4,3;
47594415,20.0,18.2,16.5,17.8,13.4,17.3,19.2,15.1,9.7,15.5,17.9,17.0,17.9,13.0,16.6,123415,16.717045454545,4.5,4;
65286650,6.8,10.8,5.8,2.2,9.8,6.8,4.6,6.8,3.4,3.4,6.8,2.2,2.2,1.0,0.0,40,5.4690476190476,1,1;
53509297,13.2,15.1,15.0,10.0,12.6,8.2,13.1,14.9,5.1,13.2,12.9,13.1,16.6,10.4,7.3,17886,12.957954545455,3.5,4;
62932754,5.1,8.2,8.8,7.4,2.8,5.0,6.1,5.7,4.0,4.7,7.4,7.4,6.9,1.6,0.0,88,6.0727272727273,1,1;
22991556,19.8,20.0,17.9,11.8,18.7,18.0,12.7,16.1,16.2,11.0,12.2,17.2,15.0,15.9,31.7,102441,15.936904761905,4.5,2;
58913023,15.7,10.3,10.4,9.0,6.2,8.3,8.7,16.0,3.4,6.5,7.6,3.6,5.8,6.6,1.2,1216,8.9318181818182,2,2;
64540825,10.0,8.1,4.0,1.1,7.9,2.3,3.5,7.0,1.2,4.6,1.3,5.0,4.8,2.2,0.0,15,4.7784090909091,0.5,2;
54032370,14.0,12.9,15.1,7.1,6.1,7.1,6.2,15.2,15.0,8.3,5.0,6.9,4.3,7.8,3.3,2512,9.4369047619048,2,5;
58299103,11.6,8.8,9.0,5.6,7.4,6.7,11.4,14.5,8.1,12.1,6.6,11.1,7.6,3.6,2.3,1720,9.5602272727273,2.5,2];
