oml_data=[65294665,4.6,5.8,7.8,4.6,5.8,5.8,2.2,6.8,6.8,10.8,2.2,2.2,7.8,3.4,0.0,59,5.8336842105263,1,3;
58798112,10.9,17.6,15.4,6.6,10.0,8.7,14.4,8.1,9.8,16.1,6.3,11.3,9.1,6.4,0.0,6698,11.159139784946,3,1;
62389046,9.6,5.1,11.8,9.5,3.1,6.6,3.4,6.6,4.7,9.8,4.6,6.0,3.9,2.9,0.0,150,6.4881720430108,1,3;
62548985,5.9,3.9,7.4,3.1,4.0,6.6,1.8,9.9,3.9,3.9,4.5,5.5,6.6,3.1,0.0,32,5.1884210526316,1,3;
64823760,3.9,6.8,5.9,7.0,3.4,2.2,1.2,4.8,6.9,4.6,2.3,3.4,3.6,3.4,0.0,10,4.3935483870968,0.5,0;
50860437,18.7,17.8,17.2,14.2,12.6,12.8,14.4,19.5,17.5,9.1,14.5,13.3,13.8,10.9,15.8,60347,14.908421052632,4,2;
20121425,17.5,15.3,19.2,15.3,12.5,20.0,15.8,14.0,13.4,11.5,14.7,17.7,15.0,14.2,40.8,83512,15.556989247312,4.5,4;
29418138,16.3,16.1,19.5,16.2,15.8,20.0,15.7,15.5,16.3,12.7,15.0,16.4,16.6,10.4,38.2,102441,16.322580645161,4.5,5;
33477952,13.0,16.0,17.5,12.7,11.7,15.0,5.1,15.4,18.2,15.9,6.6,11.4,7.9,13.5,11.6,23141,13.335483870968,3.5,5;
55495078,13.0,13.6,15.5,5.9,7.1,15.6,7.2,12.9,13.5,12.1,6.6,7.1,6.9,6.0,0.0,4640,10.827956989247,2.5,2;
63302228,6.4,11.3,12.6,5.9,3.8,4.0,6.4,4.2,2.0,3.7,7.5,3.8,5.0,4.6,0.0,88,5.7516129032258,1,3;
58627762,12.0,11.1,8.7,7.0,9.4,8.6,5.9,9.3,6.3,14.7,3.9,8.4,7.0,4.4,0.2,1119,8.5623655913978,2,1;
63420897,8.6,7.6,2.7,8.4,2.6,9.9,8.1,4.2,4.3,3.5,6.1,5.1,4.8,2.8,0.0,71,5.6849462365591,1,1;
18934496,17.4,16.0,17.2,16.0,14.9,18.7,18.9,18.6,14.9,13.7,12.3,17.7,16.3,17.0,43.2,127634,16.522580645161,4.5,1;
49544841,12.2,7.6,19.0,14.2,12.8,6.1,12.1,8.7,6.7,10.1,12.5,8.0,7.8,7.0,0.0,5065,10.521505376344,2.5,5;
55488108,10.4,12.6,14.8,14.5,10.1,12.0,5.7,10.9,13.9,10.0,8.6,12.0,11.6,7.0,0.6,7830,11.375268817204,3,4;
60323100,8.2,17.1,9.0,6.5,3.2,5.6,7.9,10.8,9.7,7.8,9.3,5.8,8.9,6.8,0.0,1112,8.3252631578947,2,1;
47571689,10.9,9.1,18.5,8.8,6.2,8.2,8.4,11.4,15.0,10.5,6.8,15.2,12.4,11.3,0.0,7346,11.424210526316,3,5;
53402012,13.1,8.9,14.0,7.0,8.1,9.7,8.2,9.4,14.6,15.9,4.7,16.2,12.1,12.7,1.8,8010,11.506315789474,3,5;
56086017,9.4,11.8,18.4,7.5,10.3,9.2,5.9,9.6,11.9,11.3,6.9,8.9,9.0,11.8,0.0,4396,10.408602150538,2.5,5;
12780654,18.7,16.0,19.7,17.0,15.0,14.8,16.1,18.6,17.2,12.7,12.7,12.2,11.8,13.2,44.5,82436,15.790322580645,4.5,4;
33994171,18.3,16.4,20.0,13.9,16.0,19.4,15.7,17.8,18.7,12.7,11.1,15.3,15.9,17.9,26.9,125701,16.723655913978,4.5,5;
62823080,10.0,5.8,8.3,5.6,4.3,3.6,5.2,7.7,6.4,8.7,5.6,1.9,4.8,1.6,0.0,76,5.9063157894737,1,5;
35300722,17.9,16.2,20.0,15.8,19.3,17.1,17.6,20.0,19.3,17.6,14.9,20.0,19.2,17.8,33.5,249690,18.292631578947,5,5;
64875801,5.8,8.0,2.8,5.9,8.9,4.9,7.9,7.9,6.9,2.2,3.6,3.4,5.8,3.4,0.0,63,5.7247311827957,1,1;
63709847,6.2,9.5,7.8,4.9,7.1,2.7,2.7,10.5,5.3,3.7,3.8,9.9,4.6,1.2,0.5,79,5.8168421052632,1,5;
62599879,12.6,3.2,8.0,7.7,9.0,15.7,6.5,7.5,9.0,9.7,3.5,8.3,6.3,10.8,3.1,1194,8.7215053763441,2,1;
43148431,13.8,16.2,16.9,10.9,13.3,19.3,16.0,14.9,15.4,11.5,11.6,16.1,13.9,12.0,19.1,51714,14.786021505376,4,2;
55255198,15.1,16.5,19.7,10.4,7.7,15.0,10.2,19.2,15.8,13.0,11.5,15.4,7.8,8.4,11.5,28897,13.737894736842,3.5,2];
